1068
18 14
52395 75224 35169 98878 80302 64396 52255 56601 55842 73308 69057 29586 74997 74125 
5339 19
74857 8649 63380 97317 93773 61805 72427 57668 56296 82022 11166 58639 40789 57166 68007 42866 21895 58878 12125 
4460 17
76084 82131 56836 43208 51201 95798 36327 54694 35789 42973 12804 69675 21702 25169 98425 8319 96436 
7358 20
8226 6016 41726 81897 46729 65508 65619 36550 63957 45114 59605 34271 81543 47834 46203 30585 67570 34122 51487 88944 
627 19
74570 49106 41993 94802 39432 20137 76493 13907 46427 61874 92874 60226 60962 18989 17668 47618 75802 52170 38799 
177 18
56212 95196 74013 35086 79625 32108 58466 68856 24856 38787 859 58838 63728 41033 86060 56541 45612 722 
7327 17
97546 91198 10089 2444 91892 66385 50738 80916 62968 5377 72011 85856 7209 89861 69788 23059 56397 
8149 10
16863 79950 87508 71560 59349 39297 11281 46288 42728 88199 
5724 19
83428 63547 24578 72830 21401 8025 43701 12844 3319 16663 13122 89956 53478 4331 91251 9003 93722 19536 64761 
7819 20
47416 71839 45905 88097 42215 89224 58796 8183 21414 86747 20549 60221 53006 39170 32704 86604 1367 37514 58040 85469 
5804 17
94485 99751 90819 91571 51893 4467 68128 41712 8105 22763 48473 62136 8102 62289 5917 30618 34521 
8791 19
77912 7524 86695 7772 91907 68515 10195 70762 32205 58323 55805 40812 99958 73654 5851 95022 67079 27407 89708 
1949 20
24096 18968 82966 71256 98832 52845 2883 63589 5658 7767 96757 99572 99686 77607 75188 21318 29512 46254 41367 1416 
9255 14
80757 17705 54473 12490 14871 40739 1875 29485 19731 33025 69499 87929 10121 82545 
5523 19
74547 82572 20012 37009 89131 33580 80571 36834 40020 44354 48363 65454 67081 31078 64293 17531 95018 31675 18711 
3428 20
612 47401 28439 69864 36727 51354 44929 88298 49856 97430 49358 71379 56796 53296 25787 94797 87468 63123 39161 61709 
752 17
30917 12133 28446 16350 55619 93744 18064 61302 70551 31700 72792 39254 94303 81483 26416 43031 91548 
8795 18
47816 36151 89427 30617 31898 51607 7588 75616 72714 7515 35653 81608 33606 24629 34827 20115 11887 19282 
9855 20
60258 74200 83257 45533 55738 34698 84226 89198 14014 94033 64392 21342 79077 31629 2999 56073 18568 51479 24583 69233 
2939 19
15294 83578 71221 34818 60020 48044 49061 44832 86735 92297 94255 58811 21792 20079 38351 45175 11719 82135 43139 
7984 19
44930 27980 6981 57104 7690 38861 57279 91557 40900 55615 78896 88120 97991 96995 83098 98660 59248 60574 56008 
6754 12
48874 16462 73946 69574 57188 6136 64971 54195 47046 9716 60674 38055 
9027 14
80014 57018 65839 672 33279 66363 7339 7881 32154 87363 96865 58873 65327 16771 
4758 20
41803 61417 26076 4552 94218 63986 71749 2686 74497 91216 47525 54287 2051 37923 92408 33654 24709 23928 99010 84347 
6241 18
40462 36531 42960 25240 54471 21600 74814 40351 66575 48146 12416 61451 13562 66639 98014 31889 86442 88617 
9053 16
40703 71014 5886 1638 87880 16455 62941 99762 85879 60614 5280 47051 76721 89802 55265 22199 
8738 17
34438 20614 68221 1081 46844 42857 89237 2052 92795 33701 88550 485 69069 47390 10840 36519 41936 
1634 15
75776 5282 2981 36241 90605 69902 34392 18305 15323 87092 24468 48779 774 57740 42058 
4871 20
920 12492 79041 29616 52743 42134 10014 2030 11543 55914 58146 68337 17652 50357 83073 18945 98377 17164 66996 72701 
6772 13
95671 19919 86445 24112 75938 62509 23500 45113 88834 90050 95512 46842 68161 
7791 18
23942 27113 54133 35109 83007 41427 75810 87331 49959 81321 87958 48237 26638 84014 32187 91641 81874 93181 
111 14
70445 1692 38153 55457 20320 15253 61427 1559 40466 79430 45472 8792 78382 97759 
399 12
5704 5660 36203 59660 55849 58319 86560 72616 44405 92949 16700 83483 
2469 9
60170 1645 27590 87765 57522 9735 44522 67973 87022 
2143 12
15678 17145 18889 34395 67372 79592 87144 21511 28330 86761 98833 21501 
7956 16
23650 83790 34990 86621 25103 2365 19498 11082 59305 43098 99270 76310 39793 8361 89710 91358 
2097 17
71974 13950 4479 36914 56512 59220 12344 99396 58614 95184 70408 55915 30639 19472 72902 35119 84576 
2882 12
16292 6626 34082 78934 24478 48828 34255 54090 7897 83698 130 65860 
3631 12
66266 86143 59251 30548 40965 90539 34949 12851 11774 22869 64207 67343 
7305 11
23444 89141 17735 27769 569 31000 71052 41276 95997 16103 80227 
1864 13
30623 34568 78112 80808 46864 18625 94551 54703 96511 52248 22717 43957 33943 
8124 19
24203 92010 17381 91445 60124 43674 16017 73964 63901 96909 47515 64953 77569 20796 74777 9262 42355 69653 93906 
1004 12
87426 7509 2399 71234 62479 24346 19231 71759 40950 77426 99535 70011 
8181 19
82963 39996 15098 76450 45999 80560 83126 49564 56979 34337 7259 52171 23141 74272 59532 29408 37489 56597 40430 
1201 20
78818 16196 58677 48464 28933 91106 33588 99331 63192 4850 34078 8851 93111 8585 6471 84256 26759 66837 33482 99899 
6213 19
63457 77424 10865 13393 29136 94635 72552 46054 82724 63817 51875 9811 64840 29045 32725 95472 58212 40932 82901 
2144 12
7776 62673 39234 65933 40437 18220 2623 37470 36485 59023 83373 8888 
6235 20
54675 98310 2510 89751 51514 33564 21213 14188 78483 27975 20599 23126 10813 67868 16201 74048 89434 85956 44347 43368 
6979 19
89839 41474 32591 40294 57859 71799 71246 93347 41412 21211 30325 25493 15498 8991 43631 3425 18600 22906 76206 
7368 10
56298 83691 14375 91433 40763 15296 10925 11093 18208 67270 
1760 10
5901 39132 49620 14830 22422 40929 58487 82880 46805 28953 
5687 18
57895 80350 56915 24711 77519 93903 11163 16767 99532 26971 12006 1309 71188 40386 20019 82885 17174 64527 
2346 11
90784 3616 22001 38852 62638 23022 5214 75265 33916 90132 2355 
5771 19
86501 33122 1209 28069 24242 99914 72219 64988 59863 66534 3612 93974 75809 79899 54432 93188 49265 33987 61655 
2610 20
1382 65479 61304 49113 77032 48043 39325 89240 66708 4174 7820 74761 25060 53356 52297 30494 11071 10458 48745 71113 
4277 17
1840 87780 43436 34590 5683 50526 21120 59812 76239 41002 93834 43504 46843 76576 99806 88908 15890 
8490 13
12447 70466 48919 72199 50163 75442 52199 82276 6067 6575 74268 5462 1738 
198 13
36870 79943 3333 11316 19029 46140 9872 42091 40934 37953 86139 64023 38878 
1348 17
19371 53262 13098 39422 90465 58518 6111 27379 41574 65834 10838 56091 90943 73329 9142 55706 81953 
5604 20
88745 9206 98615 83808 9978 26363 26512 42354 3229 21085 83291 89538 19539 63689 63423 74267 60539 98019 95456 75707 
7833 20
48921 80729 81100 15040 75439 28263 13413 27970 6455 13335 25955 76171 17284 55296 951 77924 65603 82706 28929 96292 
5851 20
8445 79965 3982 23556 21720 87530 56563 30381 12513 17291 95728 45502 85653 3163 21555 35601 99002 21719 50129 16980 
1045 20
17105 25087 20595 95978 77344 63622 90560 21886 41485 54028 20566 44114 43439 87873 56316 91949 29992 39892 38313 49560 
9610 16
26024 15889 72458 10310 80133 73708 51124 99410 59639 7226 82028 46899 81281 94445 8256 61799 
5857 16
6504 40680 22716 72811 85184 94779 99699 7444 67607 86694 44471 65193 25390 58643 76320 32808 
3967 14
45867 5029 98150 3934 81836 65345 82439 78523 89256 37267 16002 78743 37839 9551 
9447 20
38493 70663 38593 673 76262 410 89681 38320 34612 76725 33653 90735 98621 61857 42871 20351 83518 38150 14339 63821 
1342 11
74766 19315 46270 67961 86196 6330 14075 88043 56297 34616 63941 
9647 19
6639 93830 20992 36874 77077 22523 36307 29392 69201 25354 15121 35547 14951 3723 46419 25514 24037 95318 47109 
2044 20
29958 39554 69029 71861 27066 89068 25945 63471 64546 92294 79761 7230 69976 59429 90947 34336 2766 73699 63723 84863 
3938 12
83826 75092 43547 68684 20791 92820 70893 38662 16110 59885 37595 12180 
7281 18
4425 53518 35664 83800 8971 33026 20628 12771 39968 64213 88047 87511 27077 15340 74003 3009 92440 26693 
8530 20
11503 81373 87719 5892 26138 53582 59089 88957 32631 2304 20859 16064 42760 19448 98024 99723 22968 96213 27044 82458 
1161 11
41509 24904 17614 57095 31630 50715 45754 83258 35684 47289 6615 
1476 17
47921 36162 67602 57158 72019 80283 96318 81097 86219 75901 67690 71712 97603 1961 97715 19419 62389 
1737 18
11483 75184 75599 7055 24216 38352 41108 1912 35667 75169 18610 63090 10209 39513 96574 74518 28258 7610 
5912 16
58401 15943 77245 7871 88435 63121 99381 14229 56772 17694 36075 35156 13665 55233 96622 4145 
8696 20
35619 45104 44776 86267 17085 89554 3876 87902 38304 24855 77630 82092 78115 2284 82577 94634 66416 42488 5076 65791 
2919 18
66105 2194 92778 54171 36953 45296 26334 37464 81202 22402 832 36354 22673 86866 41339 35907 43217 43173 
8505 18
51950 91543 75626 82264 70781 63958 99498 40259 80284 10869 86182 35399 62215 4848 44883 68405 68816 53693 
3202 13
40153 53811 77943 85328 40329 14449 78302 9868 62991 91975 34677 33477 22439 
3953 17
78057 66720 51407 54495 88667 95826 11603 32155 95955 64015 64680 38261 15550 80813 28280 19290 8169 
4803 14
38697 93237 88996 10540 25838 42472 64724 82890 31486 10665 4008 88501 81947 54173 
5810 13
78145 7993 28584 21603 78493 86804 63360 61998 92677 51085 74309 74884 81225 
1777 13
18594 13881 96529 65113 45429 12658 77184 12267 93435 89216 43822 45486 90073 
2652 16
63502 48851 9734 65446 65701 15734 46407 67212 89908 63606 81516 91425 44178 31093 76209 22805 
6342 19
92024 40639 83420 56610 14438 78035 17891 21926 72245 32670 7859 54197 66637 69395 9810 92418 82294 55491 15146 
6997 16
89931 98688 78792 5905 19589 40161 29304 15745 17992 87668 28159 789 87233 72751 15852 66150 
7989 14
22925 6800 31099 46874 12877 34694 46347 25304 39418 86559 92114 95793 33147 4181 
9097 17
9902 9544 68480 96626 79677 98423 66826 95707 3683 30544 69480 3785 94747 16676 70185 19818 85560 
6783 13
79679 38845 16383 95095 33737 57165 2324 44717 67583 48392 16770 51427 82698 
5707 18
77110 55450 94206 85162 73003 64178 76052 46879 82908 45800 24447 88993 1421 29307 52522 69918 49598 10591 
3552 16
43720 31819 89918 68779 4127 85967 42 12167 69434 15879 53591 77022 64890 46670 39157 58989 
6976 20
81336 89056 92586 97336 11231 2163 56081 92699 97119 69510 89120 74902 32712 66507 34239 26150 60936 80822 64849 33516 
349 20
83215 64201 17897 92378 45706 49971 10212 55168 56492 71808 20469 87536 18167 97265 93253 39545 59352 73350 99807 34171 
6253 18
51545 43682 10342 66108 98355 77863 34810 71436 51490 43797 83025 25956 9713 56995 98882 51496 1822 96307 
1427 11
16915 98986 40047 8827 56741 82504 7576 36020 86916 75006 87619 
2863 9
58684 99870 11046 70638 855 51663 30562 19056 72313 
7308 16
10896 21713 75913 48460 67249 11678 56598 78871 24598 24479 38808 97823 29482 31752 54440 40867 
88 20
92257 9925 71517 64710 83567 2478 26920 13921 16584 30039 87879 95943 28074 15842 42841 8235 85299 83687 16004 96717 
1967 14
43927 40905 58156 8369 33135 86026 92869 11981 43534 5236 44470 26335 73638 40595 
3993 15
47019 56292 58199 92861 21837 89549 63237 57768 4313 22861 80554 60365 50285 90129 43520 
4138 19
7028 92204 45568 17444 74424 68663 55497 97831 57207 16048 41421 45495 34073 96595 37046 67693 59332 57000 6958 
8384 19
29310 76168 27699 71023 79781 90223 84313 24067 67329 15212 84933 67804 45614 54344 4986 69826 34713 81966 89482 
9294 19
42080 72711 16973 96726 23597 68640 97076 42870 89243 7009 57516 37909 747 37479 48181 54341 87581 33522 57295 
1642 12
60376 28992 27676 39035 40340 3529 44640 60189 90029 33251 32091 80174 
1973 17
28670 94800 27527 50348 37676 81346 89391 96683 14394 94537 65802 24433 91268 68673 65534 5102 55929 
4705 17
37941 9691 19051 51664 92431 71928 26982 33664 24661 95102 66365 29112 15961 28939 58350 46654 27498 
8177 19
86465 62193 37076 27778 18057 61129 12332 45970 34772 72882 12082 15824 87722 47292 19949 68303 41349 30779 42461 
8617 14
27336 12078 70208 80572 65001 89450 56222 27070 53656 58113 96366 24555 73616 62826 
8981 9
73258 36381 15079 52999 53912 87611 89217 68881 92873 
9847 19
40102 53569 49572 25360 83320 76930 96190 11764 83562 98774 67470 90236 51583 34886 42249 31148 86436 37905 85170 
2297 17
32352 98491 19238 67018 61759 74118 54343 20451 72402 48161 5511 6718 42504 70960 26037 34902 44219 
3597 19
30212 95110 43268 15572 44464 11413 10118 37962 76133 90138 43181 26650 84345 90342 82493 12667 73670 55285 59146 
4924 18
92541 59614 93078 48782 56151 13354 87012 66749 44645 21951 44115 66609 99110 59889 33792 66797 71417 6532 
7491 18
32661 60681 24104 14389 29611 21049 39743 67568 89044 70505 75423 25513 39338 6316 43424 48935 8221 69142 
9829 19
56041 83501 86822 88487 64120 77453 20136 75869 3990 47730 21391 97558 32779 67231 1070 11205 47315 51779 70861 
661 20
48941 87312 32402 83190 46618 77606 50977 25973 15297 26557 49350 31489 55860 41272 44823 15973 86001 9112 5110 66405 
5397 16
53613 46379 25888 53554 78555 3816 98963 53189 54150 71639 27789 5699 77282 94475 15078 73351 
6054 10
4824 58795 69265 4114 19734 63110 15284 56202 52082 61539 
122 9
89613 22078 37843 98090 47800 78834 70053 13385 55902 
693 15
30884 79029 18233 77061 24973 66704 35676 66038 32671 38587 84908 98204 39490 52967 70660 
1029 10
2582 19794 64097 79024 7468 15258 90196 25966 52505 55391 
1899 17
23284 60303 1716 62989 58204 38591 27669 57857 20237 18414 54589 9339 3380 32672 93748 42150 25893 
2138 13
5474 20154 37049 4045 49068 59919 70282 59528 76670 1663 43595 15015 25805 
4618 17
5242 12430 78103 62124 78319 44069 49356 18713 73190 39285 56330 63734 86718 97876 74901 99623 95468 
8098 11
20487 52912 86941 35499 83543 6241 32178 48510 45918 7982 98316 
2394 18
47576 34607 94214 96142 36757 83514 1998 63799 25967 43263 95029 73569 6758 20575 12871 36193 9796 29201 
4439 17
6785 40174 54368 72389 91600 10386 75771 75100 39744 13903 11204 24579 65954 42593 99588 30114 9881 
4556 18
32157 40510 57800 36222 87866 37414 43049 15115 45034 972 64985 74165 54089 33926 76785 91644 64604 56560 
53 10
19871 45897 60488 1061 70968 67042 56156 61098 42293 27198 
650 13
88226 4701 26135 68353 59551 50898 68345 60100 18275 44740 61008 33694 78383 
2119 16
95209 45675 12283 84550 27592 88212 23288 47154 40627 39745 4940 76818 93238 34485 10162 59456 
4386 20
55589 76411 81146 63486 27770 25605 55159 51559 8144 74910 53983 20278 58984 1441 41768 41057 51286 70149 2757 50686 
7841 19
53855 51679 13603 47100 18316 24318 59880 91832 29602 29245 38953 73346 48987 34294 17413 32406 72893 40280 92195 
3876 17
61517 83254 30773 48541 39365 82329 39322 60734 96222 80512 61376 74294 41615 32338 68830 8714 35264 
4193 12
82470 16068 8596 51587 29869 58278 52011 97482 99564 34675 49397 24403 
5569 12
64850 34230 84254 59384 3796 62797 42224 9565 17805 83966 1429 49204 
6885 15
19537 27088 17732 85859 63259 5015 92336 6488 82690 55405 57256 37539 6480 66579 69466 
7038 17
61179 99644 64379 87874 80352 22970 95361 34793 74706 3068 11272 45102 70019 1508 43484 16268 19777 
490 12
88188 10519 60348 30696 39605 5411 97000 44257 737 53040 24207 104 
2590 20
59603 58315 54953 97615 34053 43951 70859 83513 78111 45635 29997 37688 5742 48875 24522 45069 66541 90452 42927 81087 
4072 13
49199 82737 24964 82192 45975 79313 66899 40813 72640 79547 20232 68899 27998 
4847 13
86820 85766 16173 11089 15764 39814 43770 18218 28196 2851 49101 78893 81475 
5311 19
88308 47594 27 85283 73422 52285 82953 37385 75001 71301 41168 81510 56186 66267 5980 26765 40337 31674 76763 
5589 14
28172 30920 93461 16716 18607 63705 41680 8447 59911 7436 59009 68026 32515 99825 
7293 15
12574 14667 70986 49312 39981 51647 3704 36429 49885 78972 14763 57054 73884 13465 44087 
9566 10
52477 57624 65721 48216 76358 44518 60741 85657 3302 41865 
115 10
76397 58775 15264 96238 44635 99249 50746 55235 5443 60419 
1557 17
3194 79620 23157 2858 11168 5566 64895 5543 85028 49134 8127 13668 60485 657 24504 69284 23294 
6063 20
54575 67622 67848 78200 9552 95598 41516 96428 79788 1266 85987 48962 51504 36058 66962 28199 5828 91877 9218 50947 
7259 16
28997 72463 70983 5724 14752 76191 32807 65832 25195 44513 28395 76989 40686 14943 40291 28376 
9218 11
71906 23172 41448 8590 70639 27311 24201 68963 35538 89612 50339 
462 15
11995 88288 65678 36094 36722 92412 12322 82077 31505 72407 29109 84319 76817 73681 45164 
5184 10
52462 81290 84137 86390 7958 20590 64904 16570 50275 49202 
5818 18
55359 1281 66216 84011 40475 91785 98400 34960 59170 32589 35342 70993 6644 20394 14283 10087 51908 72617 
6185 19
43886 10957 64503 26521 88182 94908 13777 85140 80553 39140 75533 1550 81670 50605 47875 53631 4259 92901 49168 
7438 20
92491 76815 43162 1137 35463 42865 51686 50938 85581 86426 68645 50115 74677 82920 29776 7093 59314 89848 39760 60101 
6960 14
6247 71899 54459 19748 10844 72698 99689 50433 14405 67911 82588 69862 36781 61486 
9367 15
49908 90301 10106 32324 43507 82428 36361 49525 23025 31744 69960 94991 55924 65640 19891 
9918 10
63551 71772 47523 14457 27484 83949 61821 79933 49584 31825 
1549 11
52239 47431 78457 39536 92602 36648 5245 52007 61854 98461 25013 
3981 14
34633 47001 29189 15513 11556 21890 16378 53195 24824 8408 29157 4900 51948 28564 
4112 17
572 27645 65305 35584 7423 49884 67144 30218 88453 95395 72854 20577 8516 8967 68058 46917 13957 
4457 14
89928 29127 89588 72070 90672 43625 29944 10762 39188 52833 87383 13166 72866 74825 
5348 16
2519 30289 22038 37958 21795 16521 30371 60666 44592 63951 6144 42335 75228 92159 70428 9820 
6115 19
63877 83165 74708 46716 63246 1292 68866 8724 77082 28690 31377 25374 87223 30659 20120 15175 37543 61183 7852 
6338 18
99700 12190 60792 87196 95615 14542 90076 24605 84191 50679 68607 73241 28228 45550 97460 85867 3993 87956 
29 18
93750 80532 77682 66311 68449 12708 33042 69361 80009 55674 33336 68691 77350 99675 97733 50056 23600 69534 
156 11
13469 15885 65197 1251 54977 73296 20438 46885 42859 47307 36043 
2904 9
19713 55723 27446 60058 54135 31835 94923 42921 91335 
4637 18
63609 28299 26142 46712 95262 16353 50684 78679 72198 48895 36055 96659 67409 54237 89342 58115 89102 20123 
7424 17
80275 96478 99679 21074 79582 32507 99761 32975 35913 93336 68365 40705 37115 66877 58581 31399 87547 
9772 15
45682 10161 77264 41179 10639 18994 71956 39849 1331 12919 34725 70656 95372 90925 63725 
1137 15
94733 49198 52467 23843 73122 32799 15617 53183 49964 181 41013 38498 89486 75813 86110 
1241 18
29536 35438 7283 31753 25953 22364 6017 67054 32832 86125 58465 64170 38480 99029 90313 34500 47856 33262 
4330 11
96715 71274 72368 96206 60050 2290 80442 97836 87042 6287 52496 
4631 19
80045 80217 43970 9577 49982 98260 49649 66446 52408 56132 15196 40434 85608 80023 74390 6866 489 12505 63708 
4709 15
47659 2950 48454 95146 2618 5092 99015 23260 21958 22896 56521 83375 32335 17018 99818 
4979 15
55331 34099 5945 52596 9990 18678 82888 57151 68539 69293 77280 17766 52458 98510 37300 
6953 15
4460 44169 71259 40597 2391 45821 6931 54548 67642 46259 29728 66523 84887 52169 46501 
7010 13
3374 50049 76342 73618 32844 36326 84419 76992 6527 88013 33506 7866 9494 
8758 17
13373 66675 45583 57507 17985 77120 18403 74958 51760 95727 5445 88026 60299 49244 24925 68057 36492 
6897 19
56907 95402 83304 28038 71074 14860 10856 3932 87937 54263 6564 43423 14925 48793 75602 16476 73295 54084 37550 
2942 14
98932 81564 73004 90045 69898 19722 39100 23015 25245 86813 6497 62440 54930 5417 
5117 17
81352 84432 8709 18535 3822 6466 4056 94198 57577 24745 99375 96074 47619 12315 23603 99343 46548 
7075 17
26973 99835 92121 86304 37195 2387 66289 27107 91201 71055 29624 88983 17920 52111 92755 69741 753 
7914 14
57089 74671 81934 97637 1456 96940 44292 66882 49133 46977 74167 16138 59744 21151 
8917 14
32911 3456 38007 42526 18745 65614 10177 14901 40941 61097 22365 60134 39083 6604 
555 16
79265 57518 37310 22635 29340 29929 67932 11256 35007 81758 83947 13054 26049 52206 52560 47424 
2994 15
30713 8702 63097 79064 92299 18592 89280 42543 28101 50273 61227 1889 95636 43842 48952 
3525 17
60690 22992 53202 39839 33222 88124 26248 28338 9648 72796 5122 89782 54655 97816 80204 11729 99793 
7166 14
43444 35811 20255 99387 98138 86148 74754 49505 99442 34912 60913 59221 58833 60261 
1195 13
9331 14934 67451 34 58034 12925 16525 81708 60713 65784 61163 99673 79555 
2111 14
29311 8110 26952 60105 43759 41618 6653 47961 10258 38453 6578 5996 60359 88323 
2732 14
98643 96872 34513 60437 17453 48868 58308 55683 61549 12612 45352 30026 16158 32601 
3852 15
77060 83839 58777 48069 187 72242 77869 53683 15380 60599 40172 78232 30191 74830 9965 
4496 12
65932 51627 92646 61278 53580 54582 15628 93963 95947 86869 2210 94856 
5765 12
68457 4691 88576 21176 65957 54227 37791 66855 89199 15756 6430 86956 
9992 17
65697 18310 63811 12834 19245 84675 24118 50037 21906 60898 2448 65970 94642 54487 28487 97315 11896 
2457 11
73007 58821 8334 74588 24780 36205 77001 23508 55480 91283 36987 
2651 17
87520 40436 7277 69343 6709 84919 33345 15485 51735 90615 34930 303 66504 87639 35995 98402 89695 
906 11
60103 51287 44052 11604 24241 36627 87150 2770 75208 73612 46263 
1883 18
54108 67858 93686 55701 8527 46341 87448 93831 57105 53033 43476 34850 35036 87919 18921 97496 12144 41480 
3483 19
90279 42098 11010 87119 51336 82304 72828 94901 909 87024 94004 37523 30642 18848 91934 88637 38455 69536 1098 
4977 18
63297 11224 11548 49185 28301 24860 50638 67647 37896 25892 76211 65947 16293 90518 29970 67010 28157 36862 
5134 14
91032 93992 97031 41345 78271 73307 68890 41570 6727 98153 79664 97582 10421 62796 
7575 16
67566 43509 79454 43121 81317 53525 60496 80057 14517 96630 31529 11851 99998 56723 57733 66420 
8109 13
66840 10811 75268 5407 34450 42969 31540 23360 52328 42782 59017 36052 52339 
180 20
22770 56086 52970 71005 98128 862 79716 3243 20863 72660 75870 84541 97815 53633 57753 65750 31588 87213 35394 54866 
1133 18
89093 48670 67618 35861 41188 21741 20708 87020 41625 20269 4635 80544 23940 6023 84375 23045 24559 28103 
1985 18
21711 53075 17474 61947 55034 21684 79703 44967 75766 36762 12654 85728 46771 50199 52897 21898 72046 77460 
5426 16
72585 5925 19950 48107 28081 75702 89167 80817 72459 51907 8856 68419 55517 80783 45328 94840 
7937 20
32944 58431 48614 7517 78805 4329 81827 13847 48712 50105 34861 92731 97092 79984 74379 3015 12807 3518 12068 62239 
8728 18
71936 35203 33260 69082 65433 50050 87702 32405 56671 10134 74374 73194 74978 35881 72584 18116 81479 15654 
599 18
65840 77874 84613 56373 86730 12746 11155 89722 2772 70241 78333 95277 91700 23800 25834 77534 87674 87928 
1351 10
89302 21165 31055 36187 28930 19843 91501 59813 2942 36129 
7007 16
98729 80330 65628 37396 81941 97215 51572 11291 48876 60591 4710 1617 52012 42443 13798 45220 
983 13
8149 74032 46586 80601 22963 94891 23431 63719 42650 21861 44155 13684 1403 
6871 20
40071 599 47629 87851 67662 31515 12282 59306 42836 75548 36149 80127 74615 74736 16615 59246 66013 21581 39044 13601 
7511 14
16503 31358 7833 33910 61640 75046 76480 59683 60278 56141 8434 86698 71537 77109 
8095 17
6228 22232 90214 90909 59218 56953 66163 55875 17722 4572 28981 47435 13218 16669 80424 92161 73611 
9128 16
26264 20291 77778 14032 6199 22056 76510 59735 41170 48531 56152 90595 43449 6763 88368 66290 
1229 13
79616 90096 42863 89893 69387 11794 11142 52749 50904 8896 76472 79141 63469 
2257 11
37279 92596 8041 97877 53545 49709 35380 24086 83071 26567 44184 
4704 11
88817 45187 66137 47679 26048 79826 96939 11965 53376 46492 14343 
5853 17
45690 74745 69503 15189 86337 95766 35992 74376 46472 40237 98161 7334 52055 26098 78738 71022 51319 
6215 18
17113 4949 29973 23386 11421 16553 94148 52762 4744 24129 2140 14576 56408 67089 94517 45216 49415 96662 
8887 18
19827 12560 89506 96383 42539 41297 74971 45450 67211 80223 73556 63045 69321 26988 19482 50060 87881 6956 
9486 17
77993 25214 29781 88324 29916 88042 96171 144 85828 42294 1142 3667 13021 47863 25217 50136 81616 
3550 14
36462 62814 67059 38174 48062 60417 59389 30761 44797 74796 25997 9428 61815 77749 
7201 19
75421 1870 46664 33173 97303 98275 95419 7886 71207 2668 71365 81726 17893 5891 54759 23777 22662 76802 38846 
8691 20
48126 46058 1012 33992 55052 80049 35565 87419 18437 15480 78477 20152 50247 78715 55714 29434 85175 15371 11153 59290 
9028 15
33839 1506 85016 37017 90292 70946 18377 69008 75877 27682 83450 51723 71195 9170 151 
25 12
69060 16523 31263 8959 97951 79583 60620 87786 28562 5898 26816 87370 
1830 15
36419 38070 23345 67032 5094 11193 19379 99555 87850 49157 84167 35453 11233 36071 26905 
2440 12
36019 32503 17250 95621 29022 52280 48961 273 51054 38466 44569 95859 
4074 19
2184 75565 60749 95481 92803 66165 33235 7282 15039 47160 87003 95431 39999 40629 87243 71391 99133 31062 87114 
4116 14
9338 40454 52495 28986 19149 61807 43174 30546 67788 14922 36488 70766 41152 10414 
5390 18
1629 91957 41659 46059 96555 76674 98409 37734 9937 80485 5053 65140 61675 83944 32506 75021 41223 41258 
5761 19
90886 19707 82127 82537 22202 13204 17367 70757 59747 7101 77951 58793 51586 90546 9465 83633 49440 58848 84117 
5890 12
45170 21303 87132 51014 54564 2906 38068 86418 6903 59698 74252 21789 
8226 18
55921 97687 63151 39877 1389 80110 32452 91670 94548 39729 67199 23282 89734 64000 62583 32778 42020 1636 
8338 15
43634 9198 26755 20665 77152 55329 2866 50955 1492 92112 68732 12663 39620 21354 51741 
416 16
27052 96196 71411 80870 58698 61397 57140 78548 10280 82929 19674 84065 97542 348 34561 85782 
703 17
86055 73064 49338 23091 66951 89033 56745 36614 70286 79756 49317 45427 10282 39014 97238 73048 75982 
5193 15
57071 69331 45002 31968 60938 74255 32326 84756 55715 28848 89721 78377 21798 78706 36532 
7407 16
71967 84012 99915 65910 88573 17054 56070 58136 75113 18397 5091 72956 90246 64217 46170 41471 
7445 10
54006 15917 34472 19351 80365 80625 85554 84320 15716 33977 
7709 17
99195 24499 69407 71892 9816 58854 6194 78733 23021 56021 67654 91415 53259 88615 70512 80735 37972 
806 12
68168 71891 61355 43442 81762 91541 93536 43249 59283 25022 2074 82846 
1596 14
43430 75356 60540 25014 30880 29111 76098 99733 15116 66979 11141 5745 19531 2125 
3216 9
81216 74598 20333 21563 14944 79179 9436 72361 66583 
3245 13
16918 34803 16529 13640 17762 59501 25424 44312 92454 53768 23154 38197 12848 
3944 11
31866 21773 39648 64848 31687 72868 71849 20268 340 45395 24737 
5561 18
78902 86943 89336 22333 83556 56036 45745 16694 95691 22956 46088 19769 60024 62957 63862 77839 88233 66602 
8222 13
40631 74797 56920 89187 98195 45179 96763 82830 80975 52797 63316 5394 32921 
9168 12
78390 22703 34540 96405 28484 26275 5391 52598 5688 81278 643 18334 
2380 11
11146 42369 37395 29106 12664 90457 11550 83028 6118 96137 75099 
2510 11
20151 88952 51299 90510 94567 68356 58544 39652 58393 19813 70989 
4154 13
2105 3619 50924 26091 32941 51548 816 66068 1117 59035 63752 35994 89968 
4319 11
92950 88250 64662 24612 83203 61789 67521 5288 28815 31577 7365 
4645 12
23371 14428 95329 63969 87740 35526 98861 8274 43472 4785 81895 29448 
8591 18
31632 10379 50910 84079 55863 31112 79328 4367 30074 78446 94483 64419 92938 60267 60237 2595 49613 58214 
458 17
48823 30142 15900 31129 56783 97306 52949 43977 28797 80536 16259 11323 50016 28423 128 45076 62355 
1989 12
61260 79182 39893 85142 89037 24761 80644 60870 97175 51836 64154 70849 
2541 18
23352 96147 57554 79040 25662 73929 12444 32094 41831 12038 54239 98796 43459 29965 19302 59039 14967 5197 
4101 12
2013 840 65631 92118 16166 39838 8983 65510 30611 37650 97993 58277 
6212 13
62838 10024 84445 15924 35388 35386 29498 14766 52625 28692 96981 11374 5696 
6623 17
31681 42512 49504 89744 26996 16614 96838 31814 60235 25918 2008 2855 70799 33766 27997 4384 46320 
7104 18
6640 86511 88759 92978 52594 14464 11303 87687 54403 2984 50761 80549 31313 13281 61556 72320 71194 26014 
69 13
61389 68154 51531 84681 86023 24952 65739 92147 5808 11810 61912 52387 35067 
1110 14
94775 46345 82667 63840 11124 17878 79216 46752 52822 79109 81924 76657 31146 13971 
1679 15
51344 28976 19995 68538 25432 90049 91367 6282 57066 96725 77193 44342 89694 72933 20174 
2021 18
1843 27794 71286 50373 37252 78156 81421 71534 35269 23418 32198 37960 74288 59167 51017 78468 12950 64069 
5100 16
70299 3203 75251 90513 32501 81289 3095 8513 96189 3664 63229 57302 46790 65914 736 88881 
5798 13
93871 42982 96481 41195 16994 23591 99945 81411 44434 48048 5857 58620 17308 
7148 15
32426 49863 8543 13913 52707 3013 4474 15901 43448 71203 71260 50825 48396 51731 52590 
8005 19
66483 43568 69565 63014 54867 7518 80374 38757 58998 22715 2171 98798 11769 59779 50403 63729 75201 44049 71358 
296 18
13112 53679 13780 20885 34006 34131 9523 80421 62489 18247 68972 44461 32470 7083 95246 70315 5286 18353 
479 12
65438 31568 15780 13011 90023 95650 77731 9176 95716 4191 98692 15992 
1154 19
76263 89411 4517 21593 94666 38244 68390 33886 87964 22384 93107 44725 33249 28816 45281 78403 13341 36558 10939 
1296 11
80466 19174 88340 88752 28937 9005 26826 95303 84642 45191 95991 
6202 14
35878 47571 3489 73534 70036 69527 37978 87037 92835 18657 81666 32439 26051 88430 
6493 10
18975 82563 75107 88148 56683 17080 80393 92547 95151 24233 
9406 16
5841 90664 38995 99727 50040 21811 37802 61802 21450 61266 71155 99666 34427 4440 96098 99586 
9540 10
64100 76067 69550 40796 22506 34381 15348 3354 15073 99580 
2252 19
94128 20491 48674 68416 43402 5275 98399 61904 98116 45813 45591 37181 66032 14864 12246 28909 54837 75086 6297 
2901 19
21422 6452 19814 20707 25691 32616 55482 94766 67673 12040 88634 58807 13741 34002 32970 85111 16397 71126 55760 
3148 14
36813 23400 32967 20102 41864 87563 95340 21022 69943 87166 23660 47631 71769 63389 
3868 16
88866 35657 15235 78867 15483 8246 20585 93556 71860 77797 48204 36551 14853 79373 45565 38492 
4717 18
56201 65413 2654 29078 36568 51880 86264 67252 68665 43891 61195 61563 81351 28190 26828 49956 12998 79767 
7512 19
26310 13473 74 35094 60390 32530 8122 90572 88722 64121 25400 64757 45226 2705 76456 76140 50160 93792 63912 
8449 14
14558 20646 45138 28274 80146 39740 8130 1067 63841 79160 6551 88496 150 18333 
794 9
74291 19230 26937 19564 94453 19740 14396 9991 64596 
3679 17
43919 30290 53944 77953 73279 33897 32628 49586 15648 91484 54193 20209 39446 8895 23169 73820 64846 
4951 18
60464 83976 54317 60946 17168 17051 47056 80866 4648 94786 99435 84586 28703 9077 81802 97325 58531 79988 
5532 15
77124 9624 75618 36759 45150 76154 64219 20449 84803 81458 4594 70554 56444 8841 99553 
7624 12
36908 74820 49741 45974 48802 40917 27731 67049 6321 90492 660 83452 
8518 11
85977 38231 56852 92374 97852 41806 36836 11461 22438 1534 48724 
8628 15
92518 10086 58598 90841 31738 19720 47784 78777 44180 72673 70325 25297 63623 15373 34688 
1361 17
2574 24193 8013 66725 49862 245 23315 37985 93481 98455 82665 67742 36891 65315 13303 77140 36320 
4059 10
95569 62569 88056 12229 19054 3166 23918 50230 86716 36425 
1109 9
29735 78813 65141 25962 74628 83089 14698 61713 38329 
1723 15
78751 34302 40419 60342 93635 73071 78358 74243 8285 12887 87936 33651 33745 95946 70344 
2497 15
65230 17597 10644 81091 80191 90565 30941 41298 89009 2357 95546 66535 33888 86828 11387 
2991 18
38343 80187 71546 18985 82300 90602 69656 35481 465 85266 37044 60312 11897 37961 44075 3424 5604 11800 
3025 16
89152 795 16177 78860 23992 75910 39219 10714 13068 78581 12837 25569 2813 33754 62511 14804 
3229 15
99601 45433 43290 25510 14939 60149 43248 45081 10429 35511 9100 76434 96380 65445 74019 
3546 10
83879 46983 76616 55898 55536 92353 84271 46114 29226 46370 
9596 16
68283 28257 92897 36022 46877 70628 62020 82845 350 83745 74803 24317 6407 58817 51612 83441 
81 9
40496 50496 31915 36541 50891 84897 10508 13133 44840 
337 14
42781 44595 21105 60311 90248 2378 60537 92183 14332 22544 12478 36601 92029 54872 
811 18
94207 7006 87847 13093 66814 43056 33777 60123 32257 58470 87977 36628 18871 84120 50881 19254 11148 68738 
3267 17
31347 19951 74437 21116 39327 74502 6432 54747 30344 61801 37906 73566 32751 16456 31974 91120 34595 
3730 9
53438 71144 68549 12766 87049 77932 40837 86078 54628 
4535 17
77091 28322 69520 66425 25667 36600 7516 58582 4879 96236 81877 60973 23752 57008 17603 59703 30949 
5263 16
73291 34601 15260 64389 38744 35600 83457 36344 21385 805 41725 37405 63602 78398 27573 90365 
5873 18
51111 71845 52916 49162 80581 64148 25664 54746 72106 10884 31494 34432 30683 68214 76811 97334 11228 45383 
6229 10
76302 75827 28422 81657 24198 14751 61540 8106 10817 17584 
6441 14
69323 78139 30909 89384 2647 32392 48752 68267 88836 85948 74361 34475 25434 72742 
6636 13
42641 997 71874 5454 54092 97223 34089 1816 60066 75695 47982 88953 32592 
6751 13
92329 82752 53100 53945 6353 9499 3186 91002 84948 97696 57764 78367 46146 
9103 10
40936 63709 94900 98080 49435 46179 51298 38012 12231 59467 
9239 16
78515 97260 73807 24764 6754 65093 12123 75646 55016 34855 86429 6812 93009 52478 56230 25718 
9638 13
55763 68397 54948 61154 62090 4281 655 53284 48586 84531 45336 15986 937 
2754 15
98693 4700 71756 52108 65435 63882 64367 86571 60594 64036 51675 69218 81834 65303 35310 
2824 12
55254 97295 55607 72587 97960 52131 46614 14508 10632 59793 87607 91273 
2960 16
34976 12111 55584 43250 87793 81236 86783 45342 36144 50442 51282 57689 45574 73536 63754 93223 
3941 14
35672 22286 84220 45541 85941 41397 67271 16478 82345 28017 11777 80541 81858 68285 
4364 14
21995 61301 70129 34699 83347 15208 94136 36672 34216 95358 7404 30905 33386 48440 
4677 15
60333 43563 44563 5862 72469 96475 28087 89654 13292 21688 71682 53479 86628 12029 98754 
5345 18
860 89116 15602 94530 98257 32964 24450 62392 72349 11138 17624 31374 36536 95436 90912 13629 30131 56301 
6129 10
76567 10774 18743 21030 92605 85677 14224 88971 65399 95606 
7175 12
66907 75263 28784 39305 23413 28230 17709 96386 68888 4082 14897 55577 
7611 11
53390 47914 18521 77532 38709 31248 30601 72767 71784 11570 56217 
9833 11
74638 74124 14706 60218 13060 63306 4580 29207 69354 33929 42595 
783 18
41389 593 99401 80409 50900 32306 89896 63943 68715 92020 99706 2958 18165 14838 67862 55062 85759 42106 
1283 17
78912 89194 18163 65797 29280 99157 21454 30634 38825 18667 43971 61184 34956 96458 87663 50561 9751 
2017 17
20243 5622 94563 97604 74179 75426 76967 3036 29367 17264 23740 62087 67785 57327 59125 8443 14595 
2331 12
99421 67429 47495 77431 7728 99841 78051 95845 35191 82730 79548 86018 
2868 16
97267 93229 13782 28241 26426 62894 50956 82584 77889 13959 58064 64559 74618 68021 16062 97707 
2881 11
13893 25536 80716 96993 5967 17468 76033 43130 90360 92110 20498 
3313 19
15087 29810 39101 21240 78315 27001 16056 55400 69247 61534 27145 76838 97791 29372 86764 13500 54001 15393 12670 
3334 18
70502 52459 66019 8390 3390 74193 78535 25209 1165 72123 87949 95596 9662 86180 28291 67012 49268 18424 
3568 14
38570 66803 1417 31134 3120 9324 37582 34112 5430 38169 20511 15600 40438 99956 
3963 13
2032 40951 77271 14372 46136 44899 40175 5135 8815 85557 84695 86171 38634 
5020 12
72364 56306 61717 28296 24078 84053 23908 97385 71679 34753 70976 11335 
5896 11
50877 1633 60851 25352 6549 53833 25822 96973 5847 91507 88504 
7191 14
5609 45325 55252 33140 35312 19977 60405 86154 39828 84098 12118 20961 55622 97099 
8128 11
27904 98960 25117 78649 19960 19901 260 53094 95115 6491 2429 
8409 15
82810 70955 19868 16772 56398 10599 64630 30021 69191 38887 98392 38604 65606 59291 86197 
8893 11
66601 1543 83218 53488 38000 90842 41848 49793 40824 94973 3751 
9265 9
33298 24823 53397 91487 68331 82736 67953 48707 58858 
9733 14
39173 58005 38374 90923 55543 58337 16989 55530 77857 25678 52738 73503 46377 4715 
2269 20
13151 68373 36013 77141 83406 7341 54550 37632 27432 25367 24443 96431 16400 77337 54049 48995 21349 79711 60244 96225 
3580 18
54485 15914 26308 68291 74033 43312 88651 94672 33000 7837 12403 58325 29107 47553 93285 84211 24670 22381 
4164 16
87460 40738 44932 13419 35906 4947 4903 31466 83030 32376 84170 36802 5488 29670 91515 83957 
4380 16
20565 20263 43103 66833 52213 38621 93492 44273 11324 61185 42963 18963 5229 46072 45042 21474 
4397 18
58227 62566 70596 57816 78149 766 18659 26663 1045 63839 88370 10042 47282 61075 41856 22832 5263 27853 
4463 18
28195 7858 47964 39388 25685 87340 25398 53413 49953 83013 45282 829 32644 79233 90453 93378 33779 47407 
4713 19
7840 20958 42024 16018 4500 47016 6256 15110 97498 15233 2430 70362 79089 18798 86903 344 55232 20393 76521 
7967 17
87274 43138 30594 96830 20191 59764 76043 71696 70732 85309 40555 81258 81907 82680 3249 58473 48520 
9507 15
47750 61625 22639 76685 37861 426 43700 82357 50520 84733 38469 13243 107 28393 46675 
896 17
10622 51615 84771 65633 73411 55381 17942 32544 31190 43258 23617 91672 27111 56854 95797 72230 11746 
1803 20
55820 11354 66257 6187 40407 20220 4746 88812 30171 99296 99959 65450 15430 29714 49557 60834 74092 90642 4666 39287 
1868 12
11514 31924 62025 61130 16181 68996 57376 50201 96293 57160 23550 7898 
2161 13
85231 60933 8541 77726 35535 42313 79403 33316 54735 11177 27813 90603 29731 
2268 14
16134 82754 16826 53492 46685 17071 99746 45035 35862 78188 7877 46809 37530 18519 
2414 11
97573 7645 85993 8296 61711 80871 72821 67102 17574 3831 44723 
3726 13
25619 60925 84645 4363 64035 32226 36631 28561 19778 28990 85115 64529 98339 
4893 12
28005 30989 75560 30105 93129 56984 77511 45773 96674 37160 4774 29853 
4933 20
20954 39705 94648 67725 26933 92209 14509 23819 26349 8786 23748 93439 79794 84850 20475 12876 1839 17651 79686 38428 
5291 15
84149 34906 61936 57167 59522 76501 84620 70384 38170 28149 56315 90668 14817 86902 65915 
7843 20
20265 17796 13585 31208 40070 5667 9698 99266 45791 15016 3970 75591 40884 44404 31352 74467 42817 77573 38684 9526 
8050 16
68239 93694 18693 42059 37194 39647 50751 70363 63540 12728 813 24179 36105 63265 3975 78373 
8279 10
63029 73237 11213 96414 98543 32039 43322 79437 63624 82502 
8388 15
92996 60592 57484 65980 93028 47698 73436 5630 93683 25618 55489 40309 693 70556 97776 
8521 17
64176 83416 86004 86374 5922 3523 9525 52981 14317 66555 55003 92700 98065 75115 6293 94592 72412 
8618 11
15525 26628 17819 13828 98333 59270 55352 21205 80547 84943 43686 
9110 10
99103 78629 8444 67737 54757 93603 90052 34898 4345 84142 
1488 13
24347 5672 94462 22695 39288 94939 1762 80258 33891 32887 97224 14619 37975 
1978 12
39689 25345 38207 98454 26571 46371 98923 92074 89758 76064 37793 14277 
2047 19
31450 16869 65400 85450 16253 81296 28650 75276 7932 37522 5708 956 80520 75223 44463 19298 94556 29083 10296 
3243 15
90145 88483 86477 95605 87999 91479 85091 36767 23264 85995 22446 20909 30365 81520 22565 
3394 12
39436 15939 54203 95135 81118 98924 10938 58482 2863 41598 64967 93786 
3399 16
28034 35814 10465 74295 82928 40973 31740 64165 36676 37944 48438 35323 19469 22569 61191 76703 
4215 16
2736 21730 18783 4969 46303 25445 12790 89433 67456 64071 99574 97864 71012 80542 9327 72899 
5219 16
22188 22397 30980 48243 90846 11650 65749 94762 15058 27426 2318 89641 50308 4727 86054 68110 
6924 20
71058 52515 321 21608 74778 914 26289 11872 72342 79063 63846 85194 99091 17326 72444 35243 79444 74130 28224 437 
6929 10
37857 1246 41736 74880 48522 51237 91054 27730 33361 59689 
8157 18
30093 33974 29338 77610 52112 88748 38401 17039 8976 2164 62986 5079 56037 43416 80212 16395 43003 34530 
8427 12
3442 82839 79441 50819 82993 10276 43211 3291 28841 79329 63169 85437 
8958 14
35279 63505 37144 60861 406 59386 19992 60567 55120 9150 37090 56082 68824 55618 
561 17
96955 95256 53763 74585 62468 97761 8806 97800 8987 99897 85188 81332 72772 51002 51720 25871 58923 
1448 14
89811 53233 91418 45379 95566 14370 97191 46160 88725 92889 88507 45990 61385 52876 
1668 19
80410 44718 9362 36335 24030 55783 58743 88494 67446 45921 46296 40392 71723 97548 21420 77215 17657 54122 77181 
2565 13
67723 13699 1357 31243 98444 90677 53394 60023 92265 98761 1581 45078 77450 
2976 10
57087 71809 78019 67248 96358 90825 69552 74210 92701 38303 
3572 17
61989 60392 89382 56378 57615 83768 92553 11614 58966 7170 65971 55647 36954 71847 52260 25351 4815 
4194 12
40861 16943 13128 73906 53815 56177 66263 54420 21300 23520 7184 19288 
4660 15
39466 49130 50666 72867 62952 34629 82664 6364 10404 18015 49197 68486 26081 53046 8268 
5002 9
31469 26815 79017 56284 4951 10707 62072 18834 62394 
5386 10
87326 42897 50928 46440 65754 13760 65753 47129 43464 4963 
6017 19
47062 81823 80407 27909 76518 24947 46107 23138 908 13927 76080 90235 97607 96869 90217 99079 44017 36596 99549 
6464 18
78557 73781 58880 71231 73743 49221 42483 37271 70117 7568 84763 66338 51166 88610 42093 7421 8972 19163 
6597 10
92021 53302 15458 7440 65480 88275 36057 61254 97363 3198 
7494 11
623 10857 41288 10663 79302 90878 36353 70468 76735 85508 4463 
7582 19
37525 88057 33158 82778 1809 91952 74381 20934 48702 16226 47879 84906 57028 62470 21340 29878 47593 69696 77684 
8582 12
95124 31680 49047 36499 73331 83989 41460 90971 78272 56004 91550 36362 
8818 14
62386 42040 94583 98773 70211 39943 2506 95488 294 27965 86782 18827 36626 40659 
9143 17
49178 60772 25932 45158 48011 85265 88929 91287 57260 52799 66006 96999 88337 40948 67560 69322 42356 
9686 17
12234 58585 1739 19857 67539 67202 98885 18898 4984 65300 92969 3052 66874 89718 91702 29417 65441 
9795 17
82816 40005 63213 76529 21612 27957 51869 21198 17117 43506 66744 91990 41804 76716 47305 20434 65418 
587 12
95174 14665 73207 55872 43069 53810 56129 5159 79343 80208 89899 9451 
1878 12
28574 48646 44655 84076 11468 55740 18070 98695 95668 54475 39007 33312 
2250 14
38008 10297 87671 68845 14779 46943 19243 52198 54812 3417 3737 95542 84817 70257 
2339 17
95783 84827 69216 65811 86162 55998 93801 48621 82212 88562 13989 73062 98479 16402 31604 63521 676 
2359 14
9508 55889 60259 14067 30503 98686 63497 83803 19053 20678 28632 12451 52615 85810 
2375 18
29920 68368 37447 20658 59676 34782 15912 50227 93719 7137 72883 10711 66067 7000 11564 23324 81737 72134 
2426 14
46011 29891 79815 47956 20121 83455 80268 32695 26876 57164 41980 15831 51424 36818 
3720 13
70147 39381 46806 19264 60814 32015 94835 35343 31747 47043 85826 73304 41114 
4026 11
398 57601 9852 15377 8548 94401 77408 79079 25243 86359 97985 
4367 16
21917 17724 83811 27337 8973 83027 16329 55056 17410 44992 69318 72896 65627 92503 87161 62775 
4813 18
53605 80961 33887 79227 94508 33141 80938 1619 4381 44893 81110 48889 56513 40613 46409 61968 4925 70504 
4863 19
15612 99373 89245 21759 62723 45776 99144 14433 84737 45500 23304 95228 2632 46266 88676 7020 55508 83980 79209 
5013 12
12961 39938 74158 74804 99669 94442 1295 83357 64550 94655 33940 96735 
5107 8
26124 16207 99782 89436 71935 42282 25261 74495 
5169 19
94276 77688 12931 31372 49902 9265 81107 56605 7598 29783 96286 32860 66741 60266 42785 84648 55356 26720 79585 
6314 18
69453 93868 85291 94703 6555 90467 11219 75 89015 59288 51302 80367 55216 54430 83103 24415 28450 62765 
7644 16
43396 26476 71355 59212 89347 97054 43063 62560 11830 22370 79845 7510 86800 37473 51970 14114 
8137 14
92511 79951 61271 99971 93445 50711 57208 45335 17341 4070 17619 56364 23685 376 
8488 17
51405 38326 69767 45522 1030 91683 84875 52721 3389 12973 57569 12162 74067 69900 73183 60544 7698 
8569 13
92334 79948 27666 20946 38083 2644 86805 61663 71048 22059 85709 52315 50467 
8792 9
20600 70303 38764 70023 54232 6357 22102 89532 64469 
9285 14
65242 5962 31541 78262 41747 31449 22749 31286 97926 95510 29181 47155 5194 91577 
9927 11
15046 62049 62499 74206 79480 25242 6861 6495 87095 75180 79254 
9985 17
86708 18118 352 81477 35989 4521 95315 81469 46976 43277 39791 57997 13262 94829 27065 31641 71651 
814 20
41032 23036 55991 74620 46466 84848 52641 17022 94732 54707 93376 50581 84488 75362 49076 63855 36942 97902 5977 93737 
908 15
10315 6822 40632 79850 4979 18170 20747 46361 53434 95210 91148 69632 30744 95934 58626 
2137 18
70379 37854 56949 23621 64790 14704 44632 36726 75376 26245 46404 93795 56775 24477 75016 88626 23019 70737 
2312 15
13823 98469 91794 81542 59775 68329 28085 36522 85350 13730 49408 57537 96364 94581 52696 
2746 16
27449 2760 99148 37813 77302 61610 39339 70366 84885 6172 11870 81792 96044 17972 92342 94130 
3124 14
99244 31431 99456 1683 57835 79809 42065 11593 4303 89360 88888 45851 24803 7441 
3318 11
76786 43084 69979 1598 61006 58059 15194 32281 45513 22250 80271 
3818 17
40684 36133 82884 77664 85029 68854 88240 84791 21513 24980 30574 75954 98521 37897 825 96670 55017 
4589 17
15019 60847 25544 63137 69690 96842 7474 16290 96657 57543 85547 13094 68905 21652 37167 35659 65364 
5227 11
47732 7672 83714 81167 46717 62742 40790 93187 33407 74622 25082 
5266 10
22186 46615 13900 75799 69044 7779 18244 26807 97043 45651 
5830 18
60649 78489 12702 23539 13259 72476 72903 38494 66515 78890 31295 24291 6634 66499 72095 48468 88894 19095 
6396 12
71240 14995 28919 80236 68119 14039 10810 49992 16288 67310 53076 72098 
6619 12
73595 96439 38534 31253 48818 11694 33183 99811 21025 56857 46796 5794 
7217 15
73827 39816 63234 52813 26071 60144 6572 96348 10306 43719 81395 90888 30053 29793 50363 
7285 11
40018 63576 89313 26738 73564 5389 69891 83724 81492 65547 24772 
7731 18
74564 70586 71930 54980 31608 22107 6507 32855 36559 30295 4279 72130 52336 19993 53230 3217 89097 63158 
7995 14
7514 78404 25285 19974 95027 30852 72285 47295 5768 64041 55364 74621 38128 96627 
8989 19
6476 38628 85112 4882 50402 77555 82394 9571 51990 88693 67915 7459 81799 43675 36103 90827 36422 79068 71547 
9061 9
97758 6623 14719 47228 34454 40717 6237 97493 36314 
9092 13
27133 70866 56179 39395 52279 14736 59636 33002 43902 83350 61446 50047 14305 
9960 11
54985 19578 87648 72481 10159 62212 81485 72726 6102 51956 64334 
383 12
4838 94394 94186 69734 91316 32051 92070 23838 928 82241 67988 4887 
751 16
51453 15151 91075 275 29854 5449 33695 18471 15535 59538 74094 70627 59492 94239 41058 15713 
829 10
55346 64598 2020 87347 79013 57872 84083 71741 11202 26965 
891 19
5752 87948 33768 39858 68095 74930 64491 67375 77788 69921 44791 76477 88916 2533 10855 6322 25101 61413 79752 
917 10
97211 85545 29121 38274 99771 3449 59516 44084 33126 60729 
1559 12
48838 83093 90715 51878 13735 44809 57844 91615 49428 21448 94008 32310 
1615 13
72081 8743 48943 41562 16979 2573 2039 79922 81152 79395 41881 50652 83953 
1731 19
95703 43551 45653 49365 58646 62603 9773 68097 88863 6756 26239 40693 26296 4499 84056 44982 76857 2408 19645 
1800 10
62554 51532 24025 39404 31341 97417 88329 75484 37546 81760 
2110 12
24868 61289 1347 39568 34012 21009 33033 89707 86964 76856 26358 51188 
2200 11
65165 88829 99833 71186 15714 85916 48075 57766 20587 46567 98647 
2737 18
1780 35484 13839 78710 64827 77444 43703 40330 3905 46156 80130 33748 31512 9560 3325 25708 87118 78758 
3034 18
44302 45572 70245 1035 25349 47277 50059 69266 18416 28057 88522 91869 64024 67044 64825 65198 86482 97841 
3091 13
90370 33403 33875 78266 8607 29249 64373 30466 11278 50612 37800 86977 57247 
3324 11
56075 49851 27589 65658 16067 77126 63905 63487 80630 23321 29258 
3859 14
13583 30049 53180 67860 90034 40901 67990 61686 22248 50188 51337 24656 76163 17275 
4891 17
4167 95816 81515 68083 45691 28857 4718 23737 35489 99788 74078 23732 28267 42432 49811 28246 4689 
5510 13
66083 80974 15448 35068 45455 23029 61620 49426 63147 67104 69642 78494 77436 
5888 12
99563 94808 27297 98551 60794 82769 37781 79012 86405 363 70538 9853 
5956 16
61150 73217 1566 33959 57377 66314 81811 92215 83263 93419 7784 62969 34372 23111 18497 89882 
6313 11
93797 31659 43265 78987 82829 67578 11942 40845 71033 55835 87162 
6423 18
6832 18339 40246 95350 95909 60935 7116 51462 64766 77451 59936 10228 83681 23991 28524 9657 92164 29438 
6633 17
3560 97717 48990 66888 63971 28747 27148 23120 50672 7343 13722 4861 71810 12603 38820 91131 69673 
6698 19
52944 76220 93865 48694 78589 29418 14519 16542 70031 61763 48976 48503 90165 20552 78901 78305 78708 49808 57357 
7702 19
44431 44954 69145 29319 42188 22798 10293 23592 68778 77442 95141 8305 84473 57316 45200 81986 9761 5790 129 
7830 14
66809 50132 64497 77190 43505 41142 83384 7133 85147 52375 21907 51238 89960 34488 
7977 18
73858 1113 98237 63465 8250 9618 95919 22995 52968 60431 58806 81155 8182 13108 16514 18676 85101 57517 
8261 10
69785 52714 1120 14258 4423 91973 78430 93877 36050 13211 
8843 14
62185 75867 51046 50624 58949 39604 82538 41602 56130 30128 78685 26685 6612 41879 
8896 17
57153 96932 9647 31074 20100 69415 38522 97426 32486 95375 82346 80737 45229 76707 64989 48716 83277 
9488 18
35734 65239 48457 15888 54925 88831 46060 38918 84273 29148 6478 68383 56445 83841 64962 69093 2066 65138 
9629 17
76914 33547 63036 87028 69054 51633 13258 29531 18160 50041 56195 88717 60819 1721 30591 37812 8705 
9948 13
4624 24599 90758 23869 74943 15301 10231 7578 78907 83858 60007 44866 55894 
124 18
24621 24050 73992 27245 14060 85089 95809 42217 1761 15639 22781 19998 50535 14797 15396 72008 98554 59965 
165 18
70232 77458 56855 28355 37089 6338 82111 76135 81958 78600 57068 71402 78531 77356 91426 33518 29967 88798 
1556 17
27036 31645 94060 19297 39198 6231 10303 26954 70486 16757 67871 40897 99500 30508 82565 18307 74855 
1815 18
39778 46231 11472 77584 53452 93261 73409 66241 96408 32932 11558 62223 72567 19271 20432 52911 7803 36287 
2214 16
71149 6515 64376 37980 9236 69006 25274 21223 59437 45646 36172 88742 94368 69665 75024 51556 
2260 16
93385 53854 49470 43072 1867 42714 97427 40058 21737 95866 87116 65117 32797 69575 31416 29339 
2703 16
76451 33571 75411 35143 77725 56131 35603 50817 97736 22680 95526 96945 70683 35062 59556 68548 
2986 13
14964 42996 94600 90172 9746 75541 5536 16598 18884 10776 36128 79125 6110 
3987 13
74591 1696 78045 9082 95453 67400 22648 83090 10272 86824 75163 84063 70107 
3991 17
13418 76039 74394 60091 84748 965 19820 53412 20429 90156 47613 18276 89303 14661 63001 46311 59533 
4083 11
52309 50999 1959 71983 16089 17715 23437 67135 43990 92141 3262 
4160 10
82157 57938 55481 97538 45332 97979 49384 87595 2923 33134 
4473 19
42415 4317 53865 73746 26005 6122 81713 50259 71325 49167 23389 95684 43064 18569 91984 51623 80782 50710 77021 
4506 14
46480 38358 68459 32001 63107 98349 69560 48250 39993 93152 7121 5368 88297 9268 
5091 17
12683 88734 69124 8330 79615 89906 31388 10382 44496 25414 38037 57384 28866 21570 39856 28304 65945 
5502 11
50235 538 37230 86072 95575 44134 31933 74739 59022 7192 77010 
5580 15
59124 56641 87843 70417 51678 17189 80063 46759 17645 94222 44945 56542 34412 91608 74674 
5585 17
52702 21281 96805 22256 21611 3807 88662 74742 19380 32575 7655 48826 8062 47944 72826 7109 82005 
6232 13
93005 79311 66470 94921 94613 11405 19078 94076 52136 39407 31697 33573 24693 
6550 17
94970 97138 10051 35700 31067 49892 65313 11530 97857 93066 63103 12759 33058 80912 57286 85050 57527 
6736 9
24377 2769 17570 7372 62677 33980 88797 97971 63766 
6900 13
70957 61143 95188 26881 40778 31425 33507 30226 17678 49873 65779 56122 84837 
7120 12
92811 52987 81466 78578 55580 49243 86758 84236 98211 19466 32987 46518 
7179 17
58721 36250 2258 68807 46987 41750 35544 38619 22200 37668 45570 53577 47013 95940 22705 59713 41291 
7294 17
9222 87816 64804 14773 92094 74403 83381 24763 83796 14520 10973 23108 1412 79261 12787 55349 21556 
7875 9
1899 66772 94447 42940 9257 19248 31130 57116 27280 
8624 8
16149 95528 43169 3347 13968 68596 61292 26914 
8659 11
36054 50421 50837 71598 57540 74354 16263 46930 33893 28136 70857 
8665 16
38066 37733 41039 39045 23743 77940 11950 86722 87357 41158 14354 45781 52747 70889 19430 28944 
8749 14
2101 96812 48870 7714 10037 17543 24714 53059 301 61553 65518 13284 62911 12262 
8910 18
61520 97575 94724 92261 32055 87320 56663 4878 42750 55435 83365 35807 26215 22611 81603 19559 19798 13132 
9204 14
63140 97721 54110 41533 14911 82570 77844 21536 27638 23565 94816 1827 15641 59900 
141 10
61373 37098 52135 42032 33554 84401 11061 1616 27534 21027 
242 17
20744 36153 189 19002 23468 395 70018 45438 43269 89742 48235 10942 17280 86949 78106 10820 98978 
293 16
89089 32085 1378 30919 15322 88008 35161 19233 74344 52805 98159 66807 21757 87656 46410 23028 
1139 11
20382 63126 46215 51672 1884 41635 13159 24234 59678 80578 19263 
1316 18
2024 8399 54062 76036 40854 47191 91966 42573 31724 11195 53426 67807 9602 16101 27652 88579 39821 16199 
1948 15
51547 21221 44912 85158 44627 90682 62011 21302 39560 47299 87494 27621 80843 99273 55184 
2632 14
58992 63572 45380 33741 84222 55553 15425 69919 17173 83070 70290 32822 33928 19336 
2738 9
60345 99070 51020 79375 85669 11467 29926 80013 87867 
2819 14
53398 37738 73219 94870 3543 84131 84230 70051 11173 30728 37410 66875 43177 43189 
3218 14
97500 37840 95143 59691 5162 1010 52401 23072 46846 86848 23405 55521 84101 65795 
3622 19
17987 75569 4741 17060 1945 95080 22725 73330 90636 57909 84960 44900 89331 42567 76681 66237 80674 11707 12239 
4170 16
24690 62164 13380 21707 9654 8546 56800 84045 22287 52006 39584 83717 62841 1918 80354 61321 
4988 18
16906 38009 49700 51197 11200 28523 11922 5799 61986 30035 29791 50618 35058 20568 93955 64253 65045 65671 
6153 18
3584 66969 42225 66858 74845 99823 66107 84343 75433 26120 69519 51064 16235 72700 21525 60960 29233 9862 
6915 10
65488 39955 36036 94434 5398 42644 29988 85197 71522 85422 
6980 18
53205 55463 46236 96257 95986 5817 40284 5705 37419 23837 57681 25220 52865 92148 18909 10247 345 57447 
7025 10
10805 52644 5509 19809 18708 19506 81812 98482 33186 52788 
7143 13
45165 61091 34953 71568 81037 20580 33208 90787 82181 55892 4712 46194 35678 
7470 10
84931 30834 47689 89688 60595 58776 24953 99819 97382 14340 
7506 14
38236 50423 57125 75419 8129 59395 53271 86524 64897 16417 97004 70054 13059 63738 
7630 15
2334 70287 37838 23548 58172 82939 86198 64382 60555 92006 1471 79061 20506 7311 47513 
7653 13
61981 15142 74535 46959 67146 96204 72998 87106 72832 75607 7168 74280 81156 
7954 10
19268 66778 44258 38185 88317 154 1340 10657 96374 91676 
8516 19
37749 7934 52966 40117 71570 97292 52095 98294 74223 12477 8108 44249 98274 91035 75237 47954 69865 46251 78660 
8673 15
36169 19193 49726 41820 26241 65759 2635 55372 39802 42713 49139 5764 66372 55022 90983 
8969 17
69672 4302 21451 46138 81901 77044 66073 17998 32241 28677 81980 35926 88480 11054 25072 75262 92425 
9017 12
91709 14022 5712 19329 26768 60619 43329 91072 80430 42812 65630 95557 
9423 13
36085 22882 45286 49658 90895 87100 54992 5340 29518 73513 36838 23440 12736 
585 14
68035 95338 58239 10728 47000 22158 90553 72114 28778 78187 62068 98225 40085 75655 
699 18
23773 32827 7888 92304 82912 94146 54313 28292 89322 74873 49052 67302 2040 21691 48721 57289 34845 56321 
1181 11
5320 29214 27377 28042 4193 28899 83554 92124 12567 78261 74718 
1453 18
17714 25123 54983 15385 56190 28208 24651 38811 66733 39332 49749 1339 59341 61255 12015 70749 68226 51412 
1520 10
70041 59509 34585 24175 63132 32689 333 15181 25451 42209 
2295 19
92423 86721 39973 42630 72977 57390 77952 94482 65724 32922 98602 99188 98839 22146 58739 17887 70899 7720 12395 
2585 14
6786 34582 11139 67056 1673 6193 17454 33351 13156 66719 26261 2636 9928 98609 
3211 18
23753 51082 33432 45273 57344 60062 80958 2888 42423 74216 75480 17693 71341 890 21718 8863 93215 87303 
3307 17
60928 23112 62701 61555 95164 3028 29291 80457 25869 44376 53292 74641 43229 91693 19159 68951 24765 
3347 14
67037 18047 27081 63909 73956 39798 79488 86885 58386 88907 73455 63417 56624 24924 
3548 11
40089 7620 43615 85798 98495 18494 15037 49240 69461 72581 62046 
3586 12
57227 71835 69041 69328 44102 40780 5869 43105 15365 86665 74127 66498 
3605 18
8975 83102 13642 45987 61346 66554 94252 90870 23769 87257 68443 72147 31578 25793 27779 4942 83853 42192 
4038 12
75852 55901 46822 42184 52765 49080 8676 28298 46611 42005 53368 95365 
4149 16
70515 32801 27816 94538 21724 7599 91343 52101 38224 87792 1008 66456 76588 57497 69457 85027 
4518 11
2404 20916 86071 62287 13817 36700 835 58567 678 11641 18902 
5321 9
43115 47769 16748 57305 29741 98558 41430 72665 30320 
5558 16
81428 23092 84504 85980 52752 80896 57283 98107 43492 55631 73892 25135 79856 13453 69716 8906 
5723 16
71578 12861 63477 30312 68205 92131 94210 24408 38371 38632 62640 99295 59787 10708 43470 64924 
5933 10
95523 56989 57640 52059 80946 73147 7410 98996 33213 67783 
6088 16
13575 38349 76144 83751 30269 37459 22244 41914 50513 98568 29522 40548 77243 43859 36576 15838 
6189 16
84448 29089 80523 60912 99320 27544 57806 72577 28025 77413 55154 74773 38508 35114 35704 55709 
6644 17
89990 62465 5281 47332 52990 87633 79918 60249 34217 91504 10816 32722 59710 43182 39066 67532 73905 
7290 13
40944 70151 44016 82550 44059 33845 55529 29914 9800 25441 82954 91738 12415 
7726 16
79952 84050 61424 9587 88213 29087 63936 43404 82992 51359 91734 52019 65491 44524 44950 85737 
8262 15
14172 60403 34545 38939 48070 11053 30397 4437 78104 98408 48142 77806 54072 95669 13390 
8392 14
69215 80643 41824 29951 42060 20066 99981 6519 96946 32513 95714 96203 2231 36885 
8596 11
65859 65049 79197 20468 79440 95592 67120 93937 60826 61628 86927 
8615 13
36274 60833 6437 92221 45337 53634 27558 38768 20740 96694 93148 87388 28285 
8976 19
99108 935 11277 65931 89239 74851 53060 12849 78872 73120 10516 7834 3108 64180 33228 82073 43847 99779 6077 
9050 19
17366 88577 88542 66215 74653 1448 49814 23599 69708 48854 71952 36869 6413 15685 3889 77321 8051 58266 78140 
9353 10
37027 31682 70253 81804 42507 20075 93341 78811 53825 4698 
9667 14
13401 59887 70655 54762 90180 36504 43833 16180 40011 66302 94791 20501 66630 50609 
79 12
5547 40712 20294 15601 95827 81522 68010 9743 3069 34003 17409 92238 
381 16
83622 64923 41769 26995 75098 86835 13349 8747 17315 7 2754 40665 97925 23543 3837 78218 
625 11
6725 19915 40621 36083 47274 69751 43832 83509 45573 30496 33117 
1226 12
77342 44775 86281 44968 233 62617 22973 96907 8998 64032 95939 75758 
1249 9
87288 43004 81969 60004 24923 13016 70255 10207 76800 
1653 15
94606 23427 57035 29400 94978 91818 93600 28095 28629 53375 28621 32573 13447 98634 85842 
1711 10
77518 15318 22263 27128 86544 81455 87749 45685 15797 67380 
1807 19
99187 7847 92886 74681 89163 86753 77216 55560 8010 39933 93474 63275 97929 94259 60598 88738 48294 88360 49334 
1927 13
40567 86437 73243 91736 23729 37925 57500 25473 77772 33481 45031 32340 27236 
1940 9
1935 18210 23551 17064 37971 60753 90017 71444 83694 
2504 13
449 34013 53082 33155 70525 86931 83227 56410 7223 370 67989 48916 24035 
2537 10
16092 83929 67715 93270 64285 95777 84262 29581 46571 91004 
2552 9
58300 8695 52282 682 53016 8988 93487 6884 85285 
2786 11
15562 29626 88803 99560 7537 38790 72419 55427 25368 27246 34993 
3134 16
34939 78031 85767 57795 66699 51206 85527 76660 34373 24736 76719 79014 48041 67351 57609 96407 
3205 20
30243 89005 34194 809 54008 48744 20758 78036 40700 96931 71591 56958 69207 76807 69228 42953 82634 72304 84068 67438 
3246 17
85337 56250 92785 65762 60922 65952 17430 89760 16692 78963 47320 87941 41312 57524 76156 64095 29981 
3707 13
94335 59239 77984 32128 26731 36584 73730 10101 15299 22587 69122 38976 57803 
3854 18
2245 69562 45850 6534 36681 23466 80787 84046 23882 76913 94929 20817 92790 32246 28893 28622 27739 34562 
4055 10
62326 20119 72834 24286 54818 46505 87860 89428 37116 22090 
4084 11
43610 22613 28414 80992 63578 68634 684 28011 7800 37389 47224 
4626 15
40041 93171 5871 59185 72668 43299 47208 61425 55430 41373 31619 76669 47575 12639 27547 
4696 9
12829 54663 77041 34933 99763 83870 22119 71248 51178 
4742 18
56443 71519 93082 96223 13207 45484 10573 19146 1743 31598 40125 71030 79458 80334 31916 8825 22189 87984 
4855 20
21275 49002 1671 85241 54726 96302 96900 61253 51015 44135 42704 60112 68090 48909 46226 50795 27092 61824 74976 66955 
4919 12
6006 89104 98753 60469 76319 74860 92830 19554 30015 97559 24316 82160 
5044 19
75461 95696 35396 68627 52869 31816 46512 81268 25684 43088 27376 54043 61145 25110 91104 22530 31022 19821 14489 
5171 20
16578 35832 10543 49129 52278 83485 98516 58294 59834 71222 53013 31258 22050 72825 72316 8111 32968 57161 30835 80163 
5388 8
31625 29262 22454 56049 16596 47577 68884 6239 
5423 18
28551 27803 31739 46430 95207 35455 1409 9815 55156 1773 50200 16272 94963 49455 70050 8351 21946 59012 
6228 12
11952 40575 79731 79417 82742 49933 4185 60978 3471 91247 86229 87492 
6386 9
11094 19711 2109 49757 59511 71764 17594 22813 9874 
6442 17
27191 71791 82710 38770 20785 83160 25017 11660 81761 36183 71284 73213 11172 69280 6299 52025 36383 
6916 12
11809 72127 99970 50484 73880 52775 69602 41285 30454 70456 28824 1234 
7096 12
14081 74848 51471 3912 7263 56709 98137 59961 70558 21657 37822 11788 
7280 13
80899 6392 93565 38742 1658 5116 55355 35081 2535 88372 35778 4380 86327 
8705 15
90488 10597 95673 30052 32535 92879 10174 76391 6164 24516 36907 82756 90814 38588 78570 
8841 12
72659 36520 68411 51934 56422 90949 85002 33631 9894 17203 60487 20256 
9007 20
81262 60182 80618 14445 4163 59658 12347 43561 14134 20795 44806 20561 29593 80807 92554 35901 95500 83338 84699 5882 
9095 14
75822 3621 72812 18313 37934 86290 12473 93109 49484 14246 17192 86613 92928 20395 
9102 13
49370 51939 22801 63869 65295 77538 60543 72783 13816 50651 12184 82064 52292 
9291 19
61965 90997 18754 49163 67203 31620 98661 55315 21108 85620 77294 70367 28135 26874 18872 43178 28222 6043 66701 
9587 14
24878 98807 63923 82942 11040 56026 42978 84442 10874 37203 35837 1564 24357 36979 
9625 12
80192 42253 90557 98953 66867 21114 26530 65021 1025 27580 20165 88406 
9671 11
32937 76265 18246 12328 55891 78821 68750 77785 92380 27758 90304 
440 18
97381 92904 75875 22116 72845 65068 17196 14865 81887 22669 22051 52863 29751 90229 52208 64025 88277 98786 
637 15
31175 33750 57881 63248 53337 69260 40066 86656 55018 36630 85689 27172 81280 47643 76965 
1356 19
83283 52190 15920 73445 49706 77787 89796 40507 61543 74453 1718 98328 70779 66975 63860 57786 7850 74656 13975 
1640 16
80930 18860 91380 10173 17916 7256 57479 21242 61934 82408 230 5558 45617 97768 46517 28535 
2535 15
91013 214 6673 42348 30238 82376 31798 74586 89687 70731 84923 69875 11668 71440 91069 
2657 18
12476 24266 47663 66936 70935 67057 20372 29608 68893 46433 83921 86839 36709 69036 14268 32792 86153 42175 
2995 15
21413 74081 1247 34544 52146 9318 19261 57138 30202 52134 19577 30414 5441 84242 5274 
3101 11
24305 6878 34435 77971 24957 99413 60810 72667 27359 67866 52834 
3277 17
23432 19826 67204 68496 60395 39549 39314 30216 39191 18635 96648 94314 4816 13431 18984 15674 29145 
3297 9
47166 846 6127 25841 44793 16592 47433 15174 1363 
3461 17
64719 45251 52546 63594 86615 83545 53146 75743 24671 80802 66513 79482 57471 58934 78432 80472 95085 
3470 14
20558 98740 83206 73037 46955 33836 78132 77800 56067 41087 72116 20222 44068 23632 
3932 13
35609 76902 56522 59960 50601 80363 64017 70752 82149 49927 29211 2929 77422 
4252 17
73224 19213 86957 72729 62340 26067 73659 92372 73169 87121 48475 58654 6511 28200 41155 51077 34069 
4273 12
67891 50238 19273 75342 13573 9899 7493 42295 67823 55802 25865 73157 
5142 12
89850 85622 72067 21438 72353 56963 94670 25283 94091 84764 38870 98935 
5143 11
53407 25487 62203 69451 36913 10096 26250 84398 59519 97316 5084 
5252 12
22191 69887 57648 93958 43213 13382 58442 61595 39537 83512 18168 72222 
5285 12
2419 88880 33018 66260 64457 26087 669 31780 84286 39323 17578 83059 
5340 11
99852 13309 24410 11811 79681 77868 44919 36370 39074 20765 82085 
5590 14
61929 48678 15804 50886 64380 6726 97946 32891 83643 45621 20555 95129 55291 82048 
5654 17
58774 49319 47669 3479 26060 89846 13720 26456 83268 59164 42559 80070 87670 3565 10907 8560 94010 
5785 12
55510 97065 8518 13117 2722 27873 98075 51998 45889 93967 61578 743 
5917 19
95004 27465 26981 22198 49539 40222 65539 61491 67427 62847 44745 61071 43678 84627 80670 78933 27251 75324 8769 
5966 14
49097 54755 19845 83074 31161 68638 84774 24337 37855 87237 52220 27856 71086 32717 
6387 12
85082 78762 65040 98934 96352 36080 96160 47331 16104 15951 29687 24505 
6468 18
33024 70998 45359 52653 12308 38772 39842 6743 5418 29476 60710 84678 2730 85490 43956 15038 81275 68680 
6572 12
64810 83249 59309 54443 28378 43279 37887 58485 75962 79617 42542 30560 
6588 17
60125 88210 75995 48982 50826 49067 50809 7618 42352 66794 98341 1988 82960 38766 2159 37636 36766 
6609 16
62769 26726 22173 78614 73426 64281 69910 20546 84281 76612 8037 44884 34525 91760 17782 6635 
6679 16
65843 32194 80781 31872 78144 67448 27102 29223 65611 82681 47119 35817 83887 72151 36508 55721 
6769 15
99340 94055 27316 71709 45981 23487 72603 87382 17968 14492 45307 43023 57011 42007 26607 
6893 14
86137 22644 4230 75829 25011 6665 22537 47187 80059 96605 69038 95392 80312 95732 
7076 11
6424 14181 29780 18364 18119 38997 50088 16937 57314 56881 90988 
7496 11
31034 28470 42372 18581 83511 42525 11057 1708 41918 19343 32602 
7533 18
22825 20309 49380 50358 12511 37097 32632 52756 46742 54296 52024 95154 70435 43745 69426 43403 87845 45926 
7926 14
10129 8243 80345 24277 69405 96734 23307 91739 82307 30372 21307 98060 10932 37555 
8190 13
82179 63055 86973 42732 33263 84964 71017 14996 56899 56861 69522 26622 60097 
8260 11
8391 43255 63560 47005 35133 92119 2337 83122 75316 59725 87805 
8583 13
83367 22901 21766 37866 97288 30257 54188 28357 94958 7195 38871 49025 32317 
8677 18
59762 61954 69066 98603 36527 63444 84362 27075 87787 86212 5765 75934 11813 57476 65537 70719 55736 54100 
9169 13
11520 11370 56712 94001 84264 73787 57665 25298 94834 20169 78627 26658 31518 
9316 13
5807 47309 82906 37623 47249 75727 83085 33100 78016 42636 19434 85069 23358 
9336 14
31985 4034 50935 14610 18601 7095 66404 89465 77454 95682 18473 70375 98817 69072 
9392 15
41583 92031 60152 16853 14097 93839 50804 17618 15826 4218 94867 61886 35946 95834 38506 
92 10
73669 87154 33545 20672 9131 37274 57354 42710 23932 76538 
350 9
16689 4757 28363 2565 43238 77936 8204 39345 34408 
657 8
39742 7188 35060 62073 18766 28948 27863 42847 
984 17
5364 20155 38364 55512 64584 3149 10131 98443 62866 78657 26821 43392 43599 29093 73305 67207 99627 
1023 13
9084 94739 10828 85591 97098 27354 97587 89160 61112 55186 99039 43370 30515 
1420 17
76512 26410 18028 72371 28783 88102 74425 89894 11526 24206 24401 46426 80524 39276 82035 1597 84686 
1475 11
4597 72781 44559 90447 86472 73586 65092 45883 99146 75612 27977 
1924 11
96748 21520 84775 51494 27490 83603 14053 97887 18224 25447 93873 
2174 17
5145 69658 12767 5590 62158 47470 43276 30598 12926 34489 61096 79470 93320 34206 15093 76941 20768 
2276 13
16594 49600 40974 53887 39529 60061 28198 83080 75298 80809 50057 59168 22235 
2892 19
51425 30672 26190 51820 85247 50451 37513 56667 55996 15090 20135 74543 20815 53745 9474 4658 72634 10531 69949 
3612 9
12164 75570 74097 94125 22854 26970 15834 60652 25134 
3809 11
62002 1735 42530 86093 51822 74886 76234 57952 18727 63510 59913 
3865 10
44454 15987 21619 56930 59457 96823 22710 90434 92300 73034 
3921 16
46074 76490 60181 45079 1420 43480 61771 15053 14659 63852 89556 89729 54401 86890 85820 74507 
4381 20
21975 38669 40460 18215 75947 3505 1852 49126 46161 24950 38524 81256 47841 58217 4894 89736 1734 31979 50195 54841 
4614 11
4248 59414 38614 92694 6797 80231 96201 44479 89416 32798 76366 
4811 14
23714 11988 93442 25127 47531 71039 97513 17046 18354 39833 86550 12987 4535 83854 
4817 14
73641 94199 42036 89661 86077 69823 15645 30252 54216 71596 88560 48229 11129 38858 
4830 18
90407 2082 65869 44469 43359 19407 52179 90737 12587 50014 47652 57205 38252 297 16188 9797 60012 31810 
5023 18
71227 57179 42712 75447 66078 8667 54788 85676 13803 72850 31201 82184 73933 50887 5825 90649 87136 44869 
5267 12
49017 75161 92067 83759 29287 71531 16034 41858 63954 96472 73352 73395 
5437 16
58359 29133 62156 75118 39244 63416 94845 40517 90727 10326 36537 70941 99313 46209 49865 37541 
5608 16
55890 27604 47547 80381 83487 95222 5011 66487 77270 88551 25460 31736 81161 19034 72801 31023 
5630 12
9807 76596 69505 32621 71499 81208 42676 3638 20951 41045 14840 6924 
6218 15
28704 99660 71790 9772 18018 21458 11167 26004 70536 97296 93996 36207 78879 52549 90010 
6374 9
19661 82233 74859 3336 18203 46438 73713 61458 39290 
6380 14
96388 80460 22929 80653 55784 80477 62129 43186 64808 94526 87093 39333 20074 90161 
6500 19
25719 2890 11085 98012 73916 9035 96711 78351 64823 18749 53992 23687 72995 4401 45027 99291 20652 73215 41780 
6805 18
8175 5852 63182 87313 12103 12320 4740 83178 49444 72651 83935 6252 7080 96088 51279 85071 20240 59020 
7042 17
60582 42074 72464 37687 64879 38712 77640 24343 94727 18110 79123 87349 18938 1911 92896 27467 69648 
7243 17
30369 27950 76394 57434 83823 91025 50394 11852 60513 77263 24818 43122 36003 42008 92712 41457 50324 
7493 16
26660 83598 79072 99864 87541 90060 85267 52915 85796 48977 93534 50461 2100 78279 90439 7072 
7555 11
80645 59433 9913 34991 98853 49271 33388 28735 93960 62262 31057 
7804 12
10549 40986 42228 71461 30002 72232 90637 51995 50894 30785 3827 55552 
8093 16
89863 53286 34533 1934 15847 3141 17236 5675 11320 97945 22993 46747 93112 39976 35669 18541 
8254 16
71939 13658 18461 67518 12813 51557 21884 88947 59811 42451 99576 82031 81783 10821 494 31572 
8869 13
50700 62772 27848 25250 9550 52124 53509 38328 82758 61039 49369 13964 36087 
9562 9
90086 17388 24074 78801 6065 43028 73374 66324 82933 
9971 15
1694 24796 49050 183 5995 43708 49710 35042 96296 94187 43009 39106 77332 16829 25659 
138 15
90963 26228 46999 71658 96122 32701 82677 19494 1245 19752 89306 9876 3257 59784 89877 
370 17
94177 63098 12080 99380 66522 48966 18799 21353 32684 68900 4267 96575 29325 46210 72080 60985 32555 
667 10
6535 49708 28636 65505 84084 1529 37390 6328 4430 85898 
1033 8
22592 1227 35570 59925 32089 54274 35336 80585 
1325 13
14556 45731 39053 2146 12569 50593 49607 29431 31296 26184 65793 34972 22494 
1397 17
17529 14265 45733 50055 83582 56640 1422 62582 13136 29597 11232 80506 18788 92248 95221 66665 36689 
1504 19
89495 53279 27272 73289 60114 6788 33029 48312 55493 5201 87612 81801 36228 76629 10783 25159 95023 12996 39026 
1900 13
2202 78736 84127 79683 85919 39581 74098 44343 23406 16673 50534 37072 8321 
1984 9
41551 29613 12902 33464 33105 92038 32744 60456 80178 
2131 17
39127 40821 96117 58267 57250 32293 28303 63610 30118 96149 83882 5323 4950 98680 60033 35568 99241 
2224 15
51945 41920 90958 50479 21783 995 84004 50268 43924 12718 21346 54079 63440 8599 99336 
2249 15
51140 60533 62091 135 78423 97907 86150 17447 14930 67000 66924 70160 1105 17424 29095 
2350 10
44605 18392 73379 70 79745 92186 31049 20453 36697 36280 
2415 12
17257 74055 95638 94287 4557 80257 17962 42484 53402 36089 45738 86608 
2760 12
78645 36859 57304 64077 93269 30126 89490 78331 64610 16929 26113 85851 
3010 10
1375 84358 64683 74400 8844 91177 7269 92637 32005 35918 
3038 17
54995 77961 35781 39108 69583 39175 6670 78023 15187 77621 54771 6021 85081 42724 83715 87299 88556 
3192 10
48592 87211 76950 97915 93968 80379 30196 36237 2209 96441 
3328 9
26713 68887 70920 47850 26667 57902 80203 16127 7347 
3414 13
53780 47681 60498 46162 91806 37748 99745 44167 50822 36473 10709 61996 28869 
3617 11
48872 74355 19089 84356 91049 44752 69277 40209 23200 28124 96141 
3623 12
51326 56935 2417 54320 53344 75668 18974 13622 50416 89642 23510 74106 
3708 17
42834 52573 91748 83868 41962 26006 91434 9115 79985 62570 80897 70739 68448 20149 90844 70782 58657 
3794 8
61049 77809 73939 2033 59590 67482 64506 9590 
3892 17
20053 99035 36386 94948 62900 98800 67317 71082 22403 53692 80893 32622 12462 42265 92764 86775 730 
4246 16
79660 9858 23821 8708 4405 84822 32000 66005 44035 53527 42037 38259 59780 67222 81796 64689 
4275 16
46631 60857 63686 80892 86342 47970 21220 71821 2809 4338 32042 95189 86091 80800 93416 98905 
4592 14
22756 11984 50130 2737 67041 94241 7033 56565 66520 32609 62166 73461 22769 99838 
4810 16
53927 38517 73053 22933 10910 50133 74749 72468 6652 26100 4283 97418 63219 6539 7430 98001 
4845 12
57511 45794 23447 21200 75176 45978 78259 24103 37568 36424 72143 8410 
5159 14
48536 66428 72289 33771 91427 28051 53252 44456 96577 18426 68138 35207 21122 14772 
5551 19
2017 82686 16393 42531 49872 40140 25876 2528 53504 96884 2612 12935 42489 29773 99068 69726 35382 61909 30948 
5664 18
90558 48407 99451 46966 62042 59453 89379 79939 64089 71750 23238 56387 74449 23990 26666 47216 35355 6082 
6079 12
81771 15659 80276 77000 76709 22024 26665 61223 97034 49 49798 10997 
6179 14
28605 30428 21339 9572 86007 3457 45439 23087 24006 42006 52398 63008 70967 9863 
6760 18
58782 39307 18940 55649 84077 77028 92406 62767 98616 10514 85057 950 1126 76560 44692 65570 55458 52244 
6830 11
72561 14016 32399 71662 32837 54113 30528 85319 25155 7267 64853 
6939 8
22972 62718 51249 35146 99366 84569 87628 31143 
7197 17
33752 79354 40527 45087 9789 70548 60373 37221 35493 57825 50884 22905 29183 47711 32052 23852 17486 
7242 12
91960 11983 87815 91208 66512 45620 47557 87552 7775 61358 66897 20262 
7462 14
42276 2181 20559 88593 40006 48573 21703 40274 33266 87495 66035 78618 90555 89794 
7763 18
19066 68755 12655 21690 5361 4436 95717 18194 14149 24817 24533 16058 95144 13082 95513 70401 21400 72077 
7881 11
30489 8436 94115 69356 47235 30549 40758 27882 50018 95013 29647 
7908 16
44321 44520 30794 34104 76460 49429 34323 59497 44876 98041 50020 27706 60343 28502 51800 97239 
7920 15
77123 88474 39962 73462 82750 9604 32889 808 5772 16447 22341 77008 12732 89857 42019 
8060 17
45440 79877 28229 61966 69977 3477 55627 6553 33192 7272 33787 86389 48690 77027 22041 9481 38195 
8434 15
55689 14946 92130 54956 40677 70701 26163 53482 28374 61200 29037 11842 84341 45588 39428 
9060 17
17460 91847 85768 78524 15588 58438 32288 49125 82115 30539 2832 39421 51498 28418 47744 3631 21954 
9070 19
1833 95623 26864 50741 79699 34749 28391 18933 48849 41616 95459 18941 78692 78830 22344 46400 78622 12507 12301 
9096 11
22767 38478 95825 41134 37455 83646 37806 30748 85824 91376 35543 
9200 15
40998 49335 23736 5786 75076 72874 94798 26733 81025 59635 15517 8628 13319 23611 21877 
9517 13
24720 97001 52964 64422 61144 51558 91100 76115 97254 88018 25943 36928 65632 
9641 14
95066 91498 13853 90634 39752 56583 85065 52231 46240 77591 91071 78078 22138 79147 
9761 10
91084 54689 97918 97684 74259 28058 91986 61586 3750 55044 
9974 16
84938 67287 38381 3130 98977 65344 74953 97944 92066 90364 96448 44834 40907 79498 99437 98201 
310 13
58340 56999 2192 17185 83307 27463 9345 99948 18449 22665 91758 75665 53010 
417 16
1989 6910 94957 53611 54617 35858 15324 96586 66048 10368 99685 93582 47041 23860 42052 95889 
643 15
80377 23442 87427 71602 81916 65144 55374 28243 99460 16021 4375 39678 84711 8537 36961 
854 20
41186 99670 68050 46127 41059 92231 24645 70000 20317 22817 81781 40915 38894 59807 59064 78498 30572 5310 95779 59377 
1481 14
74501 57324 89739 6691 74128 42698 23414 3516 69948 33411 18457 80569 18694 39013 
1506 12
43158 63896 26680 98002 35612 11935 71105 95044 16653 81939 38992 45517 
1521 9
22701 91929 33311 25408 13049 73574 16704 26915 34218 
1666 13
52847 34448 15410 17915 52746 56347 86520 23787 35427 69652 46421 29816 23216 
1789 11
69302 77689 77289 20399 97752 84132 88868 30775 79708 20616 13792 
2075 17
24782 49072 84055 68423 92693 18433 18122 39879 70852 86288 50393 41424 99139 69430 39111 4859 38228 
3026 19
33065 5173 77824 54088 6166 91727 28839 96927 2743 26360 9895 34292 55319 59567 59129 77345 95553 95428 46120 
3074 16
82820 72959 88267 81360 1016 32454 92498 28384 88537 21746 24574 63173 40967 61306 61127 75486 
3094 10
62188 10417 96483 41836 91141 19811 70804 72753 26457 4876 
3423 12
76678 33003 62122 39312 39192 48157 27132 58117 26412 25385 75475 84195 
3539 15
526 73737 49967 3020 92085 18294 20962 15728 45018 42345 96834 20542 46515 16343 34828 
3719 15
98025 81004 47367 34807 37449 80832 26483 7953 41713 89283 90708 38987 23489 97039 94938 
3764 16
51167 85103 56429 71135 95518 6181 86064 75741 60695 26712 89748 69806 33508 6290 76664 4642 
3766 8
97610 53710 23121 41609 72504 89793 24788 52837 
3844 16
22443 86247 81936 77980 77212 16535 47994 57808 48097 99259 74506 29882 56014 28254 9553 23640 
4037 13
14868 10238 57868 36940 47427 81436 84441 54646 37484 15345 90516 79528 56820 
4320 18
22018 18150 77437 64836 72292 33109 38599 830 69719 23979 62707 6675 89483 1680 61953 42132 48582 15289 
4450 11
8070 72514 21243 21934 44453 14456 15705 75873 12356 15875 77812 
4451 14
76468 73767 90999 35019 9740 73365 82748 90828 68683 79238 44298 27989 86801 18960 
4669 14
53493 80104 50155 33474 20140 51957 97651 38851 97200 7570 70364 10928 47499 16777 
5104 9
61992 89429 26058 78500 15796 37333 88839 83748 64858 
5179 11
90694 21367 51946 92395 53451 19886 17049 37816 19435 56178 42878 
5281 13
85487 29553 10224 60825 86086 53940 33046 22276 14677 30916 5775 99717 3255 
5337 16
35646 73977 34927 64465 76649 64741 78638 44852 25542 89207 91595 62762 39789 85424 83241 24497 
5871 18
20509 97376 60195 91276 52472 59699 35879 89828 81484 37162 73504 281 86954 585 37461 25723 49451 24136 
6109 9
19931 1178 71786 93430 25854 12003 61318 39924 89884 
6470 16
52430 20950 95501 50052 35795 18006 97803 64147 52709 81962 1076 22269 90831 1969 97384 28558 
6715 15
70288 49510 96008 69349 95314 3598 68116 34769 21077 98111 26822 67956 75926 92033 1147 
6966 10
5047 38473 94353 15390 19073 60597 16670 60828 910 90600 
7050 19
53270 13613 34199 40683 11958 63853 85014 79055 21397 54619 37315 66657 45019 57452 39815 41269 35575 6540 84806 
7069 18
27194 44616 37184 81575 4897 52947 93345 85412 81860 21644 26031 16123 50545 81377 16197 35160 89369 46676 
7329 15
36041 6974 33372 10995 67948 44482 49621 54767 12897 22373 4662 7340 77390 65062 52917 
7822 11
74828 20701 66124 77976 550 51399 70296 15773 45966 75535 86967 
7839 19
53652 80364 56161 24635 33866 99122 60653 74508 26812 94038 16484 25222 33645 66130 4628 13704 25682 99997 67734 
7892 11
15072 65362 5875 28988 62016 27441 39242 90865 54859 55562 7769 
7938 15
10721 84520 31559 18653 11659 60873 58252 8861 66329 95008 19572 70697 48540 91861 79245 
7987 11
54411 25794 19943 77014 83873 7106 9875 44951 17843 22739 10682 
8016 10
54978 44300 24510 52708 60319 6215 6537 19324 3835 36586 
8390 17
32568 42303 48266 60519 49743 87760 90866 52167 83316 17788 27709 65036 18962 9561 93150 90497 44742 
8418 17
68833 76548 17267 25789 28388 8082 1664 25479 38645 8393 66233 45466 68812 84299 72681 66298 13143 
8522 12
17286 18228 77427 47135 69732 93729 19716 42883 38803 6607 48633 87599 
8586 14
57052 91898 62142 23871 63990 21071 99515 34679 48353 95205 72500 97068 72661 10523 
8616 10
70430 97818 38923 96194 82814 71062 75987 68422 65752 38917 
8773 9
75291 17779 56192 85276 57468 36647 40334 5104 33557 
8831 10
8173 21173 92109 73255 83003 9652 90428 8156 60767 28394 
8848 11
75239 24353 86294 52782 1925 86770 23014 15262 31345 36789 88061 
8902 16
33301 22675 45112 94621 37332 22065 32830 18407 60157 38268 42818 24014 40132 39516 96807 31122 
9002 15
62316 12124 13716 58943 86336 39863 99659 57226 2591 14234 49905 77985 42901 16782 34020 
9461 12
16352 87580 40413 8414 19856 78587 4073 40090 87140 63315 44422 35751 
9489 13
45503 18137 69838 38547 19784 30649 91694 92402 1669 4490 88497 29598 56940 
9582 15
79771 18295 65333 72460 62732 76051 38096 57117 15781 75325 82593 26027 72058 68781 25539 
9785 17
94109 31183 33629 44001 34944 59260 3574 80556 82138 34697 90252 43724 53629 18022 42219 21399 6695 
9810 8
53684 72649 95564 4726 53669 7955 8905 93754 
9872 10
46559 42558 51849 47501 91580 4537 60493 32420 86685 56111 
215 14
57345 89190 66100 66489 99274 57002 75230 94955 58909 80511 91887 73349 85451 53445 
407 12
71500 89988 97045 85883 24876 75547 63462 6225 18420 586 67822 80675 
445 15
14411 24640 90346 86612 92413 64459 24482 59344 35349 32384 2014 69678 55148 18854 47090 
498 14
75135 77897 72849 38688 11241 85390 4651 55274 80075 74383 14276 84687 95302 64733 
613 13
45699 1648 27843 66286 64411 58866 58538 62608 3318 53323 6207 23127 98922 
678 10
33440 94664 17194 47386 14878 8939 68211 31520 36725 47622 
825 16
96894 9758 72211 62630 44047 35649 16387 19761 20058 49609 69306 83695 78064 32974 37375 72176 
868 17
24532 71352 20414 52243 47902 44131 17941 98580 50525 50252 42156 55200 38056 19436 48775 26508 4022 
1031 14
93725 77389 39289 72693 56018 55790 70788 34293 26976 80848 94560 94385 80219 51452 
1036 15
41086 48263 72525 32080 42501 52614 55088 68330 73575 39091 295 96319 22638 27438 92931 
1044 12
60239 32697 36160 46398 51997 46663 47616 72992 14907 60159 2081 60633 
1164 13
99830 97734 12671 8251 20004 42917 29232 99321 72200 73021 62806 13120 73124 
1314 15
63642 64889 39913 66611 52397 97131 24981 39692 20714 3071 12496 29706 87717 89598 52882 
1345 8
52360 31986 88362 82341 91428 42322 94509 23559 
1537 19
48693 83836 12074 77438 74527 42729 97801 10681 61374 87307 33275 37321 69114 17099 72268 54007 2729 6451 86409 
1886 13
23337 32430 90527 69917 99025 18501 24943 27423 56011 77196 19375 76267 16148 
1923 10
26537 71859 23612 98448 58861 9757 778 40123 33125 99277 
2006 13
94498 96323 16873 36998 3964 20664 88446 79411 27157 42790 96719 75657 42447 
2040 18
97630 12595 86185 89776 11210 9926 60122 90442 4730 29103 11489 790 75402 19921 52394 43297 78800 34030 
2052 17
13676 51552 9028 23868 35474 24808 47943 81526 9021 17373 67938 67046 41650 90795 23671 4242 3675 
2408 13
10316 30644 62915 92567 72354 17126 59770 52346 42614 77156 87852 29820 95519 
2429 19
19201 68148 80317 14201 49180 50104 11679 57579 8951 14625 87863 37185 11092 16390 65499 14546 2292 85520 79520 
2721 10
7218 91923 85313 76938 20963 6677 62891 34744 58561 51831 
2977 13
55942 3911 26975 15505 5806 59016 22277 93384 51874 12353 17198 1255 2309 
2990 11
86907 18740 19416 91454 21894 92293 59140 96168 91357 55196 29099 
3139 14
10883 72299 39342 89178 30075 31626 89733 82019 38151 53065 31857 71431 42701 37825 
3156 16
60921 70022 41816 44433 17659 48445 93278 41314 20300 18056 82727 5883 69169 68184 43827 94725 
3252 14
39908 48006 64590 47058 42389 34047 60014 19691 48502 59604 62024 4770 53769 45418 
3607 12
35202 33124 44785 57568 56818 3480 26689 71238 91775 53176 76851 27064 
3877 13
56436 96445 78695 10917 99715 99109 63049 51413 73025 49300 93138 71269 15317 
4086 6
77228 90228 78895 30170 66900 14904 
4398 14
29918 91995 59630 92429 75088 79383 6175 65777 72267 29501 58223 37258 81038 68863 
5032 16
18942 32553 50362 87210 35404 89854 18386 19235 58960 5028 84766 76197 40584 52609 29072 1253 
5113 16
63919 27943 83827 9777 26368 96410 87593 26672 92685 69790 70484 81601 21533 4515 10913 69974 
5161 13
28302 38816 69246 99787 98232 31827 51254 99526 89679 95107 25079 84617 99372 
5360 17
91915 18325 82605 56937 43051 56856 69020 20246 20416 31018 55642 66546 76585 22487 73095 1845 59857 
5570 12
53291 93673 73603 87562 47429 36077 17818 85598 39701 53948 89836 34564 
5805 12
750 60441 10948 44922 42579 89107 11382 38167 17515 42416 17082 70432 
5811 17
85320 74557 6893 35642 45346 50897 25826 17872 73954 99537 13126 74209 1668 30850 72936 97719 72787 
5948 10
80915 42117 4378 62993 57115 21026 33742 50950 94212 73319 
5995 17
90526 8454 92649 70187 86189 43298 54699 76006 75261 93790 40256 89458 70761 55937 23802 95170 25136 
6001 15
73661 15542 9506 95049 18285 2465 51208 16340 23407 79879 79986 93593 49955 68073 44179 
6076 14
18577 66935 8076 73316 90393 50101 10124 20059 19881 98737 88709 20161 16963 31939 
6143 10
85209 7701 31317 24134 13865 92125 9630 30869 80557 5386 
6346 10
67514 84554 86457 33365 53784 80243 30385 31839 86061 39747 
6378 8
50575 2759 36286 25257 11653 77298 97554 63749 
6427 17
58856 62995 52416 2848 25164 83845 76053 8433 10875 19623 57032 19349 51994 93618 434 27721 29195 
6446 17
26401 97353 66792 68545 46530 53448 69144 36923 35735 27618 83774 98393 35871 99013 78839 10142 58291 
6481 16
63549 14720 38835 97550 46228 62572 44018 95828 5972 72894 27742 25419 46836 37282 27942 93625 
7021 15
8126 69638 66024 19902 71524 34954 71094 39880 15673 84776 65056 14586 58903 78444 86633 
7350 18
92488 27668 79338 60368 90188 38172 94330 20649 55469 4297 98671 54143 89478 26527 95775 20851 96541 87115 
7525 16
45561 25477 97017 26753 86673 98220 15870 90166 52997 97906 29807 45917 39591 47337 54004 69856 
7625 12
39690 98958 47819 57240 18098 74305 99362 523 26625 14042 77960 36828 
7666 18
57985 59732 69744 10829 83744 71368 43543 72848 62577 23158 64442 4587 74893 67198 35764 12676 6528 7657 
7801 10
74929 34242 64579 53143 52343 42360 9805 66911 64401 67131 
7963 10
9705 79522 74147 66573 28370 74649 89191 61205 25831 49736 
8008 14
71377 50829 61943 33914 35381 3839 93520 38386 86370 765 69382 47538 78634 69813 
8070 11
2615 66976 81476 14443 56742 59182 93400 96632 45026 28071 52774 
8366 14
92987 85671 42380 28568 10967 83581 90808 48329 53228 6347 69000 38146 65423 87384 
8498 13
89481 33538 18654 7751 86227 85312 28382 99269 17285 2842 18466 81832 97899 
8584 16
9914 41855 3635 16257 4233 58749 85753 4547 18633 9635 37997 89371 77029 9770 3772 49249 
8965 10
91862 16050 99886 13636 20994 22790 81920 9911 7337 3308 
9108 14
67184 69876 97664 3767 2947 44442 42463 87785 10878 5784 14044 85237 45545 21047 
9203 11
81842 24592 71731 83264 8470 38458 6905 8113 67814 91060 87616 
9266 10
36294 41799 23035 21046 56308 35622 34632 60879 79672 43016 
9460 12
22338 72555 66906 87693 87181 10043 94677 3868 19632 27752 60724 43007 
9467 17
39303 66786 53328 6583 9160 51019 39592 96825 16008 71187 91860 96722 86572 24454 56654 45658 20302 
9487 17
24335 64606 42850 62805 32525 98040 76083 26750 6038 75819 54543 30970 32950 75389 35812 72923 9282 
9500 15
78540 51910 25983 37207 96693 99293 36795 1970 76375 32404 12882 28882 4282 36316 97685 
9796 9
74290 40671 64720 69012 95389 76136 92278 10779 27177 
9980 17
95073 65284 18809 67749 65687 93626 7725 26187 62181 54620 13131 29629 75845 64647 27823 71117 90109 
38 15
42521 61902 734 96167 97654 40183 21768 45134 92416 40728 5620 21305 51190 10335 8915 
186 15
20557 95871 38500 9144 23306 71948 21969 62546 9510 85818 88442 58615 59043 94298 35534 
220 17
80199 58268 69313 53737 15813 42679 16920 19587 51537 17440 92984 90127 48577 79410 27476 33342 18369 
255 16
39570 82915 46524 5944 79059 94892 79133 61948 28377 34142 18475 53204 60046 48077 94936 65354 
486 18
97830 4790 62384 70433 92872 57487 16438 74082 1886 17824 92546 21153 32434 80033 28477 78122 77753 31791 
525 16
94441 92659 33689 6186 87052 36685 25909 64999 54681 25874 50718 62853 88009 55125 27442 62749 
694 11
58055 57748 50489 56320 42094 55401 49859 62376 44731 76704 2487 
733 16
79180 92724 55817 92955 86454 49094 67770 65928 10133 76251 80266 83833 95415 66261 27665 5837 
757 15
89299 32956 80165 70386 61938 84610 80031 30516 85117 6899 3877 66258 81960 46077 46677 
892 12
29306 83271 59479 20037 52872 69377 75139 13088 87443 90487 51096 42250 
993 18
37640 5913 15551 93522 98506 73163 73605 98571 82869 96099 1939 76936 61584 62743 3923 2896 81791 83276 
1046 9
46590 90429 3777 79786 18801 89745 24836 27894 82979 
1515 12
74559 61927 54137 42788 64359 25660 35100 77174 82275 17660 36317 3235 
1544 15
30370 50240 16649 25713 67840 47926 39271 29314 37213 53034 8966 84168 91937 8785 62433 
1705 16
69544 50406 45330 54074 27480 55585 26647 22932 60703 29573 10868 85721 41700 5702 26430 20589 
1842 10
27023 81506 8019 20617 86868 40130 92422 24906 64327 50234 
2520 12
54251 75242 85757 81415 4711 58768 58484 78694 18188 17323 95271 64602 
2533 9
23670 57288 98282 82630 39974 39352 84136 48486 30416 
2595 18
68600 24051 74434 65394 6211 14294 53077 7402 43589 89403 37988 99774 85163 21527 32210 58789 56102 4574 
2662 19
52404 57077 33380 14649 32010 93311 85479 17141 87757 45575 47660 8780 9764 74261 1411 63189 53561 31580 37215 
2664 16
52093 84514 69525 70202 65434 57718 47150 73448 47589 80596 57976 96111 73485 60287 30059 39531 
2783 14
52842 14714 42792 23568 50528 71281 93047 56288 95945 59093 441 76368 17055 7560 
2900 12
63775 64218 51805 28661 71673 15207 47321 5624 8159 314 21725 42158 
2941 16
26702 60521 48683 74413 4640 83131 84005 39396 23637 33092 99409 66681 88228 87413 6628 15166 
2998 14
16572 31009 41318 13822 95424 71448 88364 26160 31381 12141 54540 59790 14986 26729 
3022 16
38872 59416 90683 3416 6448 14072 61920 88733 30140 79857 9564 78659 12561 6089 18402 1628 
3437 9
33324 34182 77581 68876 28689 60974 40649 27826 95139 
3454 16
61351 98346 52330 32422 4898 19304 7321 31384 65309 65984 84783 19732 34871 9148 65778 68136 
3459 18
33307 1678 87515 77920 8575 57400 24874 22522 17120 25755 75515 71217 55157 65964 10876 12206 53358 97886 
3507 8
1983 45935 78255 90321 39656 49256 12840 38983 
3574 12
50312 5396 89510 25306 93652 95404 92606 52862 98427 39596 28310 39552 
3698 10
91786 32312 3504 64709 68347 32386 8503 82055 29770 24081 
3792 11
75482 9826 52065 8578 32753 92435 66718 98249 1767 52854 1063 
3915 11
63550 67403 72951 30953 98284 74117 60639 98747 55918 27006 83261 
4240 14
23083 3155 36846 13144 84070 27639 13786 94630 51006 51025 28790 4251 32396 64143 
4481 14
16666 7355 94686 43142 980 12154 88031 52044 63027 88933 98723 42185 92590 48328 
4536 11
52835 39683 68234 47878 68834 12889 97767 25582 38760 43032 28141 
4607 17
16506 44998 28527 54493 17502 99168 77994 77062 42165 57335 36342 8894 41890 43890 2505 44844 21483 
4657 14
60216 7018 45202 53320 50644 6391 3233 43739 47168 74151 81968 70177 39553 52705 
4680 13
28371 19316 43850 15998 41969 41250 72904 44996 58662 71548 45456 95462 18243 
4736 18
23051 64186 41403 34286 1236 98447 69697 10008 65571 58834 58432 8326 87734 9639 49261 96509 56385 52345 
5374 14
33074 40168 84393 50546 61236 86331 3151 82644 73312 10324 91279 75704 68019 91574 
5393 10
91217 59661 10718 35666 47244 18262 60745 89816 51966 66121 
5760 15
36200 35401 58642 25516 31579 69294 28307 10971 56581 3841 44614 32273 1536 63832 27303 
5789 15
54566 87405 13429 62416 347 78124 30447 69491 15119 16737 31614 61402 34964 5401 97026 
6134 18
88845 8314 20223 59575 28511 15130 15983 16441 46847 72197 54442 58272 21341 84770 53746 3 93362 17304 
6334 14
81539 8278 83404 46690 62950 10336 44348 14638 51969 40838 38419 35723 98173 68722 
6486 13
11390 23532 91344 6411 47806 69965 44642 9782 71116 62904 91195 15388 46936 
6702 16
32460 89309 18442 19296 36390 25065 65657 46273 75983 76843 41999 8808 81785 93166 63639 50753 
6945 14
94691 89682 29009 24325 44507 25715 68531 62871 73098 33210 76041 82652 62067 70906 
7022 10
98281 18207 69333 62535 31558 19099 72790 12888 62118 73391 
7078 17
33797 18627 83541 64421 29359 2187 26141 51012 73397 74044 43578 94088 37913 13571 61642 64525 65959 
7088 19
94375 8412 27637 75544 27839 21222 24928 67545 57061 8631 29514 10166 42899 58188 85703 4075 97301 42986 23859 
7261 8
42784 11531 56593 65000 88509 78525 1049 69987 
7366 15
21410 8121 71278 97508 63615 43530 70600 99933 83223 50284 36123 17681 31079 62596 74171 
7474 12
31076 56439 46285 56389 96179 10447 37821 88361 40882 74623 52192 55913 
7497 13
69808 99083 9135 57043 50765 74228 27131 62274 92768 53105 22867 14803 7073 
7618 15
23735 77323 62662 67558 96030 75698 63405 79692 43327 172 35632 43386 34172 98975 97723 
7674 14
13561 85631 99203 33430 83532 38030 40955 92671 96371 96548 34604 22822 23230 48355 
7755 9
54764 8084 41405 33371 19806 64581 8982 36466 10059 
7786 14
17896 28405 35502 53760 38905 39415 79747 49193 95619 54098 25158 1248 76788 98713 
8056 13
31110 63827 35890 3561 75487 45770 24457 19817 87430 34361 17128 96476 28167 
8283 15
21288 75797 34666 69572 52552 81890 96375 29584 93762 84177 91275 77395 93624 75951 13885 
8511 9
8605 77325 82762 84476 71326 61235 76425 13005 25745 
8717 16
62598 75814 561 5540 15790 37199 92915 5045 16116 32028 79015 51551 12431 21379 41006 58355 
9227 12
75128 42200 67461 30542 63726 66562 43939 98859 18981 38461 14391 27902 
9243 9
3924 8337 18699 21694 83456 58247 49558 52460 27334 
9279 6
91244 899 8995 83034 89798 7327 
9305 12
13544 67681 94107 8333 90253 82515 95658 20930 44751 61850 59824 62607 
9506 14
61131 32320 53947 13325 54080 28035 82657 2253 55571 95401 64272 48747 52150 24168 
9616 8
86840 99815 1364 75156 7556 41559 78190 26504 
8 10
26670 16557 71854 29784 9995 44699 82683 55075 28843 47723 
26 10
18513 31193 57812 28825 89591 79353 55793 38644 21296 33647 
61 10
83635 10448 30734 22628 26630 270 91850 4280 81777 99911 
142 8
23765 27708 52504 70926 25320 72905 69776 29870 
314 13
63165 1523 93867 44995 50012 59963 60167 22302 10109 64337 88138 70539 92456 
322 11
37233 22915 26229 52127 65870 6746 11553 24630 98762 96607 47789 
336 13
33376 95097 68306 69547 14879 35413 708 45101 4456 4018 20031 78480 72530 
548 13
84013 4373 52961 54149 47559 71669 87751 32263 30740 74869 28077 87470 53466 
579 7
66917 75165 45252 62224 40520 12219 67171 
682 14
6927 88473 47847 32681 57490 93357 90207 68424 75338 67458 3557 84194 97980 44613 
820 16
17999 52153 83119 30251 60338 8452 54419 97361 27479 82097 26664 9376 44633 86250 44370 66360 
835 9
48122 37860 17674 50444 52667 47344 80918 1114 41540 
1041 9
54408 14469 94426 73870 10289 57473 18919 93566 23470 
1104 13
58287 47255 49627 17348 94172 3806 3022 71384 92947 77783 91881 62150 69450 
1172 10
5986 4972 25746 53813 53936 39355 43743 73560 5600 73063 
1288 14
23362 34637 6248 48631 17535 58451 45021 44331 76667 68253 96875 31277 73343 65587 
1432 15
44014 43667 71266 696 74840 39239 92158 63003 84417 35888 4996 39998 26297 67751 1554 
1507 12
62551 44935 23003 54791 45804 14531 70437 90475 84089 9953 30098 958 
1601 12
99629 1408 8350 24960 48156 44328 7951 97871 77556 40625 21338 39225 
1721 16
96680 1328 97360 12941 12706 26762 75648 9681 13436 1271 45900 29998 6368 979 46182 49144 
1742 13
94839 14368 17314 33803 31796 84870 56059 80433 41731 94946 49286 55744 58461 
1881 16
16636 94354 83172 83101 16820 96438 47256 34215 9162 64080 78926 47075 4079 82864 80149 78220 
1952 12
12985 91043 57365 31511 33240 63474 61733 90973 42604 80224 96773 41925 
2049 12
3273 8094 35266 22890 49714 9086 60204 13521 75571 8782 79668 20983 
2058 13
32764 85397 9370 20315 58545 36073 80998 19708 37058 96608 89966 65925 51763 
2123 11
85609 51924 39376 68382 73898 15956 39169 49792 92894 82833 85395 
2678 15
35126 76421 29041 77250 76691 1318 76991 17356 90922 29025 57883 88257 69205 37851 67809 
2887 17
52250 93017 80591 79304 49005 45836 69447 85251 22640 59569 83250 38765 9226 99720 51033 49829 36666 
2916 11
51149 83837 87781 2499 19659 92953 1962 14347 29865 63276 23779 
2928 13
67282 16309 16159 18109 12157 57257 31414 15036 82132 47749 63149 77931 83392 
2951 18
56678 78981 89841 29082 54790 77734 4172 96783 66648 86411 34519 42972 39796 76428 23275 1931 88658 10617 
2955 13
80141 63230 88160 6516 23994 33459 55897 53844 56846 82628 67929 45602 56386 
3109 8
1094 84480 70931 93747 52392 90908 50905 77712 
3472 11
98875 95870 15701 28175 54738 92424 3501 35120 587 59977 99557 
3490 15
36562 47025 28515 9042 63597 26325 38819 90057 9197 53819 16656 25948 73667 42799 26137 
3729 10
2650 91787 95081 15581 83971 25485 92769 62809 52186 45274 
3742 18
22010 98741 57230 19787 93305 38617 40542 24138 39609 38515 12235 70768 90056 27890 10046 45008 53473 43408 
3759 11
9966 98039 70881 28921 78461 27828 98176 39390 40220 81319 20398 
3975 12
15671 31232 51291 46813 15335 53698 27703 82699 28775 78324 74110 66552 
3997 14
17696 58924 95705 19091 61833 51323 59100 91338 77846 96706 5721 80548 6561 27923 
3999 13
97302 56661 65489 13657 77440 48817 87352 3733 12382 98584 34483 51204 22678 
4009 15
68550 23720 11151 46566 470 12842 50902 48518 10299 19945 22849 6223 12036 88274 27711 
4042 13
23310 61435 52535 12940 95977 88417 12077 19164 99568 77494 91056 7293 66503 
4130 17
833 22451 34188 86176 14511 45861 41392 15077 71128 59238 16453 84359 50355 17389 75000 23382 52884 
4148 14
42985 13890 29142 55818 39748 20686 40062 41458 57102 67569 43422 15851 83557 55540 
4297 16
41818 40293 7838 40342 71757 77693 28652 75660 8519 19612 81533 55765 596 50128 35826 5924 
4303 10
67719 37729 96212 31098 76647 29590 97744 63926 56952 87206 
4307 12
88684 17072 27993 91001 71545 89948 72488 55707 53092 74562 57498 31464 
4393 17
41944 37998 77553 23274 45930 83247 45703 7129 95520 61800 34591 90953 56902 96102 1359 92230 28106 
4402 6
92752 56187 94612 47813 28026 31459 
4613 10
64159 4585 38373 64138 12729 81600 17347 7768 61798 7670 
5030 17
36814 35724 8186 66633 1763 82133 53718 90423 10444 57136 30735 52071 98456 19728 44278 63887 43874 
5057 16
98302 35107 26128 52320 92737 91836 37004 20724 27485 37723 10394 30101 69573 56493 54671 27927 
5064 12
58186 1436 904 76181 45071 31266 55912 84578 92927 51920 57941 65751 
5194 14
74765 23063 12776 2889 75220 37746 39900 39995 48164 52841 73398 80453 65781 32863 
5200 15
739 17045 73487 16919 38119 46191 66843 3784 60888 98368 90506 28276 60617 58521 60677 
5436 13
79518 52564 29496 7583 37888 20883 82090 62187 11895 85139 60378 73637 98597 
5481 16
92815 22218 91840 6010 32190 91537 11602 27096 73486 77802 35425 32556 64489 76109 60798 63430 
5547 11
3379 50578 77720 71951 9153 79694 89992 77659 83536 5500 35887 
5823 13
88220 13532 49895 79718 66275 24400 55451 38145 9684 56423 86849 73523 62045 
5878 17
24235 69799 98054 26382 66952 54676 31596 99054 40835 77185 74694 44649 560 37761 84287 3227 9243 
5942 14
28518 16285 38755 7265 75667 97150 13868 36810 46122 4449 9609 84071 62284 71138 
6117 18
64553 45777 68220 55019 97541 75552 71184 19770 97586 58096 6550 80831 17496 67332 29713 77990 91945 54120 
6211 11
20956 75386 68981 78921 34066 98515 31699 27025 33762 46219 66169 
6370 18
33734 88380 46583 427 32239 37690 34253 18097 91160 32566 93870 94898 93433 84683 43840 60385 40362 25601 
6492 7
47686 86629 38826 49255 23251 78408 28525 
6763 15
75245 31959 41581 36512 77733 47378 91707 40343 34547 84762 79299 33409 65348 39160 50338 
6793 14
5382 79152 6450 33019 42097 67385 11329 35889 19311 77295 93306 57183 28348 17817 
6841 11
36146 74315 56925 9220 59651 27150 84903 58045 67634 82596 60697 
7039 17
91512 67834 77918 35573 42126 42519 36815 27978 83474 50114 77076 85555 72967 70713 76407 20064 27899 
7045 12
67035 17983 79991 43027 15855 53886 46945 40769 30104 48410 20267 64734 
7108 10
99096 5157 7068 68338 74552 6588 84838 33285 31126 17639 
7291 14
22361 46919 93667 5342 59060 94577 97174 12393 35956 41236 95257 4819 29640 2913 
7296 12
49203 79028 9476 11285 77828 51538 23355 32866 2547 36981 54115 12073 
7297 15
51061 42441 35331 83038 65635 94280 92049 45654 13277 94794 69728 39143 81948 69140 6562 
7344 13
77416 66432 90169 12714 8712 77088 22816 26817 10626 61206 91488 46076 81481 
7351 17
54109 67279 72240 58439 61674 34023 72391 40042 38075 13311 36168 23973 22850 14182 3102 96421 28531 
7442 11
43972 88066 83475 88608 2411 75666 95694 18588 31144 60742 84007 
7504 17
70531 84792 51630 94469 12325 56895 61716 27405 25162 55855 47734 47639 18013 74528 43915 77908 50771 
7553 13
11607 84732 60516 72654 14938 96609 15178 44494 20811 31818 58744 14407 30293 
7634 16
59905 68475 30016 19427 2837 14300 98006 30971 87371 73185 7308 84565 79671 62194 43729 6752 
7658 10
8891 20970 40645 48988 55638 62112 25900 47815 31242 82620 
7698 11
27200 15449 24744 213 724 64802 64194 13371 4800 39038 3885 
7770 15
24312 41381 26233 79058 91932 45775 8627 36542 81669 18641 99518 47936 85119 67958 88979 
7940 14
48560 6280 35490 91978 41153 81592 10464 68101 16609 82208 58119 65265 34166 56056 
8026 12
60728 81186 85711 87913 4171 4965 9890 55147 93575 98290 46048 39713 
8046 17
19009 1801 67877 80588 70965 59572 93679 13731 35624 53756 23451 70753 48638 9462 52846 51652 16932 
8101 16
85863 77330 7489 19326 44892 25853 27883 9825 4386 69595 87425 46390 8586 96290 69837 87912 
8119 10
29952 18046 50102 80349 66799 20358 71164 43961 86886 61888 
8174 16
61041 77403 52739 13926 1372 609 96761 70808 86736 17294 28054 25361 89563 70524 16501 31207 
8178 7
9401 81080 45833 4923 53621 50677 96730 
8211 13
91735 93585 30378 85379 38720 66058 38438 17390 81279 24150 12421 15603 89942 
8632 10
12150 56100 80526 77491 84600 57931 15455 4011 14281 43668 
8923 9
19488 81985 4086 60193 62108 18916 52393 84962 51239 
9080 14
62283 62624 88381 36678 10837 22636 82772 71727 61045 50566 25423 34134 95328 27874 
9564 16
39193 32607 38194 65091 4400 3879 47827 70424 56167 77329 94564 87438 92259 89514 36491 69604 
72 18
78903 86298 89314 46450 48253 91093 11162 4881 4102 54942 91784 59615 12452 17698 60433 38635 16099 52737 