38
953 190
55487 2295 33393 18302 23556 32316 67832 27148 47996 50507 63103 32206 25435 66755 31786 59445 73962 64010 94979 69271 88554 6391 99485 21445 88708 19822 55601 2984 46865 19783 66247 38132 74716 47330 30327 43896 47408 45774 13634 60267 63293 70272 62298 55977 78158 70529 42198 10207 3456 55789 27913 20394 24500 98126 93990 66916 76576 65213 67713 51818 50895 73458 4147 39262 15714 76296 68494 76374 57355 3939 83780 32539 17159 83137 13459 38151 2036 17045 39962 70486 24072 26736 70758 82581 21735 74231 73288 64468 64885 18103 53644 75881 87950 38839 82146 84438 88198 94227 88761 2513 44348 36627 8634 39748 55507 41533 85242 9137 12507 19798 54829 37647 26756 27523 93795 74371 47822 9174 92569 42872 16222 28910 96114 98933 90924 97806 8016 22417 89077 87078 60887 23102 66694 20172 52672 51972 16386 81608 42078 11370 5062 16875 79546 87899 97036 21409 83871 61767 95522 33325 97253 18549 24597 52783 5579 20969 10609 23114 22368 83975 78340 63762 32717 35682 94356 19888 97863 18487 14529 42369 14621 57927 71446 2441 67907 68927 36725 94514 53551 4414 82362 85413 43142 27866 78492 20509 18717 61085 47935 66937 
298 366
84578 50023 51566 84440 21786 87866 47996 61757 76912 94081 63137 86350 87867 33726 39007 64935 61321 36339 82255 47915 46959 31001 79350 41800 77845 82701 47294 66574 94278 19651 50500 63448 27804 66290 8463 22798 33419 42227 55497 20059 17221 33317 88148 83537 16141 53628 443 9407 63988 64947 94754 76356 30243 78068 62671 85197 63628 35491 66533 99738 34051 9061 33894 41520 7191 49393 24971 16352 93165 77958 82989 79111 98772 2963 50273 7997 51476 28699 28236 99838 65301 85507 35349 58171 11957 52801 68520 66810 79250 83524 27683 71544 91153 85742 3040 67415 63130 7938 3601 4581 25373 87298 90320 11466 13274 78080 16771 63086 34244 52028 20889 382 49177 94951 58454 70551 33619 64714 73924 70707 41306 45050 39026 83282 28124 90892 9774 70680 96019 75171 86072 38457 30614 13519 86161 10091 47290 13884 65179 37733 42400 86268 46724 78263 23913 58376 46165 85359 96151 97775 1893 73773 23338 46704 36944 82095 65277 51742 57566 70557 59853 55109 70542 48300 37282 22867 14756 69967 53674 12452 86347 37556 5728 91767 42577 50851 14931 16904 11018 99542 3949 80340 50529 2214 52546 84713 45736 7286 68743 47935 73239 67953 469 72897 23079 69113 34546 94490 60415 93535 81411 1144 70003 75207 93873 29802 18551 61062 34336 10501 82227 4437 1194 81064 48968 90556 81914 27583 26302 32557 55121 80263 33006 41842 82875 64707 4511 60766 30612 3223 46881 93312 7488 53573 75765 21524 13268 21955 62828 57126 33394 42396 42310 29678 93648 36471 3073 7150 13822 91984 41860 5306 47960 89109 2609 81339 7437 83412 87865 9445 85681 66929 26921 40293 9474 18292 73394 72987 67893 54148 31914 40392 32198 70864 27220 53222 98432 94604 94635 4127 5723 98727 20479 73343 88288 79914 83709 32921 89235 58597 73318 12958 24545 92774 80603 29892 23656 51346 26360 8883 70010 92747 83456 98547 19233 45414 16538 66899 77319 10522 33671 30194 90985 18918 92347 64176 14335 13802 89996 64421 84528 16306 29141 98276 49312 308 34689 1539 45502 90030 76882 84014 10624 35453 61199 92295 21978 59095 67668 99972 26687 95481 90420 70704 98927 25549 83109 34343 15279 83672 20412 28504 6608 37535 45909 98790 19509 36752 90723 83268 61886 41530 87697 24181 62145 19962 
264 177
45546 8296 86761 69257 576 82009 24606 76994 92830 24518 74704 23999 14304 34708 80708 2400 68410 63457 36164 38550 49080 64935 74610 46139 3400 1603 35844 37857 53518 52338 10289 25422 15802 76954 15163 46511 92888 5549 33886 49272 5906 96414 74143 54353 88017 35444 63754 45802 74083 39321 81023 57856 56550 52664 366 24076 31139 44384 58743 57054 75515 13745 36923 37943 44053 80402 85610 66619 12312 60146 27713 32956 90143 91735 57972 85302 68238 71654 30249 36330 83897 58526 33543 55819 46546 27023 2236 85812 43639 52149 31482 46999 59623 65574 46314 1622 43008 41643 59834 91833 32498 78206 31465 54898 19851 73915 73145 67581 59454 88608 48393 60957 81286 73026 84637 37429 17927 74305 93964 4713 87673 73480 87062 76560 70949 57810 61418 5215 49258 25645 80153 74670 60331 50699 45237 94621 80234 47841 1007 81318 33426 66952 74040 85647 55337 11611 96331 60451 20524 46099 59904 91231 32438 50429 24576 93173 70506 77365 80131 5526 21546 20551 96840 30200 10214 50280 17331 15520 24246 75065 61149 33161 91418 52081 52918 63539 90599 
253 168
65599 99359 30252 59137 1720 92211 43465 70278 1134 57962 65226 77047 48292 94755 56212 62578 38432 45277 36811 74656 67649 59217 74365 13179 80533 33480 14689 20704 76259 8548 91042 74252 49272 27475 8081 51001 44903 69828 62927 71393 24364 62342 3581 69856 8629 14986 29016 34580 37398 18643 15372 71836 97254 78393 42987 59812 72142 57421 44053 38361 88662 3019 61374 30952 84778 39141 14199 46379 76545 34568 67515 18631 27072 71273 92814 87534 45939 66818 28378 22901 4595 73384 25779 15383 18246 82538 64389 20449 44641 92931 91447 46856 48329 88140 33927 39767 48102 92514 50961 22259 78070 15417 2168 88177 49362 27376 18975 84172 66374 7096 93698 97733 4568 40352 41148 3258 38075 99423 76275 24783 25334 9627 60486 9774 90603 58626 29995 2837 2747 69799 75193 11667 62981 62174 53377 81257 53060 34443 77992 12171 3110 24583 32307 79880 48809 55437 19898 83463 70557 59033 12694 77593 82560 52312 27270 24129 28513 41555 65029 63343 83909 25911 71035 10405 19022 7198 23807 59555 
594 167
1968 8910 77811 24856 95675 13423 94120 99743 52301 1667 25255 18435 68634 94007 54035 94633 17932 58851 72829 21682 6181 18504 61321 11379 47755 86360 60881 63867 84312 65898 82351 92275 28198 67930 96113 29339 28216 1116 90023 35999 50310 21533 20404 20268 33848 23797 59042 45335 81581 97000 12199 61977 66330 1932 59966 37433 37303 3123 14783 61469 13144 95792 90045 99738 12923 56314 30108 97028 32342 29197 45910 27713 42607 82212 76545 30973 91735 8702 92244 47132 12326 72382 25427 99093 5887 97668 24110 93098 22546 99765 34525 77113 60819 30370 17564 55712 77762 20269 87421 24457 86513 92386 72893 52188 22653 69038 33437 79587 94022 23921 2793 22294 59595 98941 67752 80022 19944 9032 61864 38400 25491 11482 16578 5438 96855 81293 40558 24262 80476 67346 57863 9011 76102 35158 76390 99914 19119 16882 36465 34439 94069 23560 82340 65179 43114 98246 82490 21981 28204 1475 5067 21409 26764 19848 63283 717 96655 9601 77741 78925 11999 56629 13035 72299 3133 15688 93917 
475 326
74594 30100 49998 48755 35409 87814 41594 72788 18329 54764 50977 95753 41377 7746 28151 75322 99608 63509 63137 19335 53294 79260 46376 67649 2027 92924 46820 6132 37809 69377 34670 53598 72475 83739 87738 72945 51912 62184 64920 62025 10923 63962 84378 99136 26143 11211 25170 73270 77157 62945 12653 93785 84793 15198 59413 82391 62860 96909 48071 43449 89612 21721 86194 71224 98279 89839 18548 72142 52577 88066 25256 57870 84778 88422 41677 81763 34568 79381 13148 31141 69294 96438 95043 23378 44156 21735 53425 50425 11585 41131 40920 24358 74155 51364 92164 67839 50071 85304 51023 75954 4023 99554 75956 53897 46965 16581 22964 49700 80798 56120 86513 30837 9329 93459 75339 53243 53738 42688 85881 32469 42373 61744 89449 32197 83923 86305 55357 54624 51668 46788 68865 88535 8899 22278 27973 33823 30712 74612 50057 41424 46672 26395 86294 2026 60035 21325 46381 94055 99679 95006 81829 30146 21234 6118 1658 36229 46754 51887 62815 92683 6037 82121 62204 76993 92819 87643 22020 47098 28146 97710 4160 49597 93917 91439 56578 54359 50464 42819 18487 79784 67907 90941 39666 75637 65155 6459 90670 55551 13205 52968 61071 12223 61715 83568 27305 54173 41269 59746 1553 11843 58734 53148 2905 21564 13874 11097 28719 45422 61946 92951 34181 40238 78679 10701 35467 6431 549 47183 38691 49845 4458 2412 72188 97048 7133 65021 87947 40659 65775 1291 57330 43261 27296 54277 76031 17937 30612 49891 91731 64138 85786 82588 21070 57694 27047 81565 77112 92150 78760 34575 2322 15881 40042 1930 77616 87309 24033 36635 61573 58992 7225 85639 89109 59522 21739 66187 98483 32208 65543 88285 48572 76663 97026 54680 81748 66155 22344 92870 68392 81597 67577 17462 65507 7519 9452 7307 47129 67755 21008 47866 67010 27860 26857 70593 67571 95174 33659 42385 10934 97131 34899 94622 92163 3041 71678 89849 70960 35715 47481 56466 41850 48039 77820 8323 18253 27675 69757 15629 22789 99705 71782 22684 30287 48607 89231 78272 
583 160
23101 68692 59137 75160 31618 17709 31291 11678 3157 95436 16760 81869 7875 90929 75939 30264 10948 7937 72829 56478 97675 60602 23574 87306 80494 31577 80560 3791 36400 21461 66802 2177 62125 53170 98899 17221 66512 79125 55334 78721 38236 80062 99468 5145 59888 8845 65062 68896 3799 18643 77797 31789 21721 3379 93116 92527 96752 77704 76743 23548 34562 90834 37909 17045 13066 66295 53597 1069 54590 18562 48140 44817 9112 70275 17420 93651 57635 5942 43177 42282 79178 11911 2388 65985 56017 63526 18103 48316 64601 86995 75956 39794 50930 65117 10632 77465 79258 74747 77979 30051 95128 63935 87451 94214 26529 89402 11219 23520 71519 9966 16212 78238 38927 31712 92015 5037 5041 6567 57810 81155 39826 98934 10262 34000 9169 76275 26049 60486 89610 16537 45261 2549 68817 81216 70146 79874 91038 80769 77602 44366 5108 91936 31107 26624 36525 86824 96179 50467 1807 8847 41665 31987 44954 76388 95841 17447 20028 45769 73367 58296 
434 312
39404 33939 23967 20221 56980 552 30964 45491 39860 65036 23843 41327 14221 81509 73217 38702 73545 9070 7937 93946 73352 49576 57593 94308 96466 82090 70021 9530 17685 58706 60088 15006 94991 90380 95269 74085 53170 9513 35969 62042 81626 45942 75619 77485 83537 550 87540 69856 59437 88426 59356 40416 2325 95683 81458 21137 29484 37164 42016 21773 1851 36875 87009 93810 19901 84843 17159 64738 28695 30437 54879 4659 1225 34237 73384 79709 98732 71552 13036 57190 29345 29991 24467 16681 45369 1821 60565 88032 73286 87651 85263 53370 39863 38594 78071 57572 10632 67810 63982 61512 72215 3661 94948 97733 29307 17927 69785 17424 43814 75313 46078 49313 41287 41509 64553 26600 97758 60717 23168 20635 83076 2188 252 23676 75372 86697 12648 28030 79810 11988 27999 32778 96345 83929 32239 45441 78746 74675 17325 3687 42269 23029 45962 62981 37286 83009 49443 27361 76394 26593 81577 34823 98246 17998 18293 38834 5116 99150 19804 25944 70890 76196 61767 94730 48455 91403 6851 72766 46844 56047 76381 21902 15702 30224 49257 3731 58856 93214 54535 14756 22509 91817 70293 39905 24428 30373 44970 7819 80389 50016 86353 63399 80877 85864 33371 90671 26699 56729 15993 38616 92866 6441 92603 3339 35441 48548 13520 96287 19210 7411 94287 80803 84462 15352 75628 12129 61530 99272 16503 94638 92248 97068 39734 25975 28719 1379 34658 26157 82972 42206 96955 5115 21675 46529 92193 83166 13722 41740 26302 29993 32186 27667 51988 71459 31934 62794 95907 9818 80166 74507 50409 87998 60952 22756 66939 68943 84054 20134 8095 31166 72747 36363 49095 9418 42063 3321 71846 89853 51431 6803 94620 21321 60438 99924 62250 60684 69138 9135 30764 98257 13555 74521 30103 83284 442 45796 7358 59941 92870 24633 65864 51496 14299 94992 66925 23530 3861 44467 99769 54217 67719 67705 88963 92541 67624 79474 14401 48301 53659 38582 45414 16670 
888 150
26227 6670 2198 37992 59830 73554 63550 85615 87404 27888 47627 35334 66469 63606 56446 43172 14945 60544 66431 50867 3294 77505 23907 42993 74820 95417 61405 96263 64057 12212 46060 6092 56821 70499 38132 45298 52713 9530 16256 11181 70555 69502 49379 93671 11384 30750 58517 29042 70896 84216 366 50003 82447 44377 1741 94785 10163 44895 22111 71335 88739 31643 78612 2301 9685 59259 28391 99596 9402 56394 21132 99663 75300 69746 87970 25186 96193 30679 34801 88421 71172 49135 66782 77783 73309 41057 42836 49165 36505 9112 27140 41895 70746 62991 29513 94181 95470 12555 43903 88028 49196 88512 65766 4792 53009 93525 78759 86668 40721 48909 36627 13667 9860 42913 36934 38429 18448 24636 78238 95672 79415 78514 63102 24533 28024 42815 71853 85113 63007 62352 42531 49349 24783 71728 48037 16537 70062 2796 40660 57639 29995 77145 91506 63823 71367 1903 82817 8871 1950 24576 
467 144
33393 71462 73120 24983 61013 19924 2310 61995 32338 15611 48977 13601 80016 38144 7879 12840 74506 36278 37544 39007 49319 59957 80393 50268 87523 35136 7210 7491 52361 86623 25772 62457 54197 11108 25034 564 77125 88170 80932 98147 3032 50500 79280 64449 76598 20494 44684 40671 30225 13888 56714 23457 89061 35886 42114 33652 64752 24676 68551 58661 93825 97331 29578 32669 76749 10809 27887 6846 93110 7191 31047 18949 50730 13459 70751 29638 43493 57570 87251 44321 62239 70726 77783 64427 47067 68706 48792 51788 93741 21148 74673 64572 84792 59714 3040 57177 80424 6072 40513 50043 46400 4325 76355 83957 47293 78514 12507 51520 52510 7571 25491 68523 11482 8471 63102 95183 24940 96846 24782 70680 95717 33891 57863 29995 73558 55337 46482 10848 95830 40604 49601 32434 94932 3313 57462 26404 72571 53060 47182 69763 95910 22254 543 6173 
205 141
90949 50311 27332 75062 50583 99207 54977 23999 39629 27717 27680 30000 11199 26432 37665 82273 65972 87038 25881 16635 49689 57593 37244 57024 81020 87738 3283 92844 59299 10086 89312 1922 80560 683 47294 85204 2222 96374 78965 44839 65853 87257 31696 37018 89563 76356 64752 91117 84373 98824 9143 22592 88415 73562 3019 6832 38102 71762 5152 79605 10888 18040 19530 39535 97713 16027 25994 45068 98772 29525 13741 66135 25603 32443 5858 25230 88811 42970 17244 18758 41019 76748 37324 77816 30235 55747 25980 3137 32870 4922 26040 49397 35137 68669 44202 96822 60526 67934 89449 27336 27150 30867 90470 79944 6727 55773 58238 96846 98628 28910 67394 37366 12323 29555 96566 80234 90527 56299 46925 16310 92061 69748 51052 81526 44999 91618 66432 54531 71868 80750 6807 53377 24416 78478 12171 87092 18240 50170 72166 14136 48454 
555 139
28567 62157 1395 292 45506 27073 13786 49808 42480 1859 48567 32338 6316 81449 8937 8272 10948 55925 17670 1603 40648 75284 29647 88143 52563 87305 2425 70499 98943 58547 19132 11675 21369 80533 71394 42802 25336 80751 29698 2222 30491 18400 96721 80737 83039 50208 31114 20104 54106 56714 62932 85706 19343 38506 24905 79890 93620 69374 29984 68180 13967 76374 89144 22592 79610 94750 75887 92999 48713 78697 81441 43458 12950 62239 71654 94347 48895 23796 1774 38487 78855 11952 71552 61212 99038 11687 65101 41329 5561 12734 75792 51281 53370 27872 44317 77010 65310 19899 42857 18650 66050 97951 85953 21127 3182 10302 39669 73164 6149 22406 8899 81036 60830 35176 92161 70480 58267 28684 15202 95086 93153 18595 35065 22010 25319 96085 92137 42305 5108 11069 44065 1424 59904 19727 5585 38541 85662 72605 84657 
182 262
43202 31754 20221 47492 96092 84019 18920 90681 88137 12166 2533 63509 75368 88657 13418 81076 17136 54016 72864 28051 43478 67250 9478 56642 29601 33983 26061 30491 74298 14146 13925 13664 5223 3633 46467 59545 20243 91603 24048 26677 73642 71403 73610 70410 73582 9467 29499 87545 8093 37416 43392 1594 64234 40475 14734 96514 60143 25001 74237 86856 30114 37727 83930 77154 17045 51610 23957 62760 34495 81933 15299 80811 59169 47623 80890 8438 86527 62585 82456 94889 64423 29674 38650 18508 3316 65939 68749 3601 38471 39172 46859 29116 59454 37305 73915 75472 88480 37318 53540 62955 48818 76965 63481 96260 76802 60389 43 2220 13102 43744 90944 26733 60706 40222 59565 67645 87397 26001 27973 32877 44952 90892 51504 91506 97467 91979 90869 19602 5866 71868 31768 69678 31596 92812 70733 44553 91719 87092 66470 26624 68290 75318 33325 61449 21359 14244 22604 13550 6077 68860 53623 86548 91817 298 15440 33896 36742 89462 48554 22307 74771 78856 12165 50834 49387 1646 46866 42157 69736 52968 96625 94878 57853 65702 48721 9895 88332 64207 46571 91459 90227 76037 68297 34546 99846 44783 53930 45019 99899 59921 25900 49076 27158 8873 31534 45422 12201 60722 28719 85841 40158 34709 68702 80094 67835 59377 92485 31297 94462 93820 65737 79562 86699 77639 44824 18840 23149 53868 31341 13301 97614 78959 23579 24768 17746 35521 13704 97242 38131 6430 33796 74105 35306 79 93814 14385 79064 22541 76376 82005 43617 19104 24740 39885 31683 23577 13067 26958 64285 89758 21329 42982 83942 54111 55017 99603 58749 90188 65407 79742 92214 57016 
602 260
15550 23967 79903 69364 33121 63011 30097 56764 17387 87189 14932 36501 90748 75429 85484 12166 75939 30426 46139 77427 97434 88461 73950 2233 65637 94172 93832 84684 61389 67152 69677 63771 23417 17583 17610 90624 15858 43991 53812 2260 35969 10745 12549 88856 54700 4872 36168 88739 59356 62860 84258 42378 51871 54410 56331 1482 98352 94920 43645 53923 79835 75515 20347 27816 96765 6387 93225 59266 4179 11215 39709 94426 3788 21673 21240 6074 24072 50611 43331 73206 45824 26052 41607 445 71998 30370 30318 51658 88512 64194 21197 83262 87651 7842 96138 77416 59000 71518 23413 90433 77513 27285 78680 62851 81286 37305 34878 51856 37805 48377 95251 84370 77360 13815 75527 87183 79191 98340 43859 88926 60800 34288 24819 20301 68169 43277 65747 28556 50120 70857 37733 86161 71367 11370 18259 47178 89008 93101 73109 14429 99150 12171 25010 754 88371 70890 27573 19808 27957 35234 6077 18890 48892 13262 88753 91696 94369 58980 42259 76400 26320 22939 88273 75468 3130 27854 5342 58333 83568 44376 85096 59051 49738 16390 48813 56487 79826 28297 59706 39402 48210 13735 83339 91207 19999 94066 84010 77060 457 93260 94695 85524 52402 52666 73508 28339 1194 63478 20639 12293 64892 61462 10126 62810 57686 5609 11490 86615 8237 39292 92634 85206 26929 64336 37015 79934 64494 31341 55724 61781 36854 61810 77609 10423 83151 66772 33625 18701 33634 43037 38155 96204 75555 32916 15749 97897 96635 30768 82293 4098 41369 29293 55241 81764 18071 74420 33788 42035 9967 53853 70710 99371 8253 42303 23113 43972 88730 5727 49152 9248 
955 124
50808 79903 67080 26101 95675 53080 99878 52301 68039 87691 65989 76912 86350 36696 8427 16770 6145 37492 96197 96373 34933 75284 83558 36675 17136 47628 7498 31066 98366 56514 16737 62088 25844 29788 13307 82319 49561 74143 43075 77893 55789 92141 61872 34941 40134 64084 17154 90023 17290 19801 23815 22464 19401 49418 25329 29534 73456 72298 43733 9407 6931 13753 29799 62671 19917 37023 74541 58850 15115 29866 96752 66533 24655 43746 37701 51582 14309 40798 8710 74194 84261 34831 21735 920 85260 62868 58254 60628 7997 93070 79998 53644 81127 62213 43410 74251 94889 68535 91992 65724 70214 12932 40121 33338 84792 86668 78071 87822 41176 19650 32870 84496 56016 74244 42913 53001 45876 86386 22605 47427 57681 6326 3867 60830 
277 114
92981 99787 24983 26101 95753 58155 95150 12382 14945 57082 97701 80708 51049 42345 26668 23843 98212 58755 22947 21129 20565 30135 9305 65972 80219 72959 85770 49576 82521 41440 18028 92338 58547 77367 34459 95140 67923 91453 80762 27234 19100 47408 49626 10357 9513 71323 26242 85931 45942 44684 366 8655 532 91163 31404 58290 85411 31789 60922 36807 76296 81570 57079 97311 68961 80014 70907 24655 89860 4916 71376 48789 51138 27026 51766 59667 15093 47339 6590 6074 46546 42794 87584 24020 20720 97429 60283 97668 58727 82593 60041 68928 87007 69116 84588 14158 57902 78668 26708 47910 12829 87244 53803 94214 62333 45603 78723 74144 73182 33839 84522 15664 60263 23005 
696 214
19734 39164 91050 38260 86647 79260 130 58755 95436 28920 89278 7875 51874 29212 36602 99410 12319 85057 8592 49689 77170 13654 76112 54016 80804 46499 38894 14512 47915 25651 75844 84819 18003 56178 52238 89887 97033 22182 7999 90620 19937 90247 14977 26542 34176 27465 2325 34183 8304 26301 28921 17712 66142 9685 76193 36925 53489 95792 37943 93801 27248 77672 30240 50987 34801 84843 20736 80323 29563 3868 58318 32737 39709 69111 85668 28141 41180 27026 66348 9617 84505 84875 39478 35889 28236 47226 48424 69516 55327 72030 26904 59623 72411 84313 20017 75956 32978 90294 77094 84504 95776 64448 47661 71412 4093 9752 72106 85881 68565 54871 66513 94410 52003 87591 97976 80314 1843 93812 59029 94606 8957 96345 10232 46697 27456 71150 53094 25483 97851 60091 74675 74040 96219 6900 61557 56261 80170 6904 50665 86161 64343 5062 59140 68663 57895 88331 24576 11730 92302 84282 48725 44806 70549 47877 45495 33801 23633 62275 82665 56034 26504 59856 27985 31765 50247 88753 93019 29084 71034 79273 45831 32992 32655 65604 43861 44986 91269 13493 72232 90185 83722 29496 39791 67829 19176 85663 2047 16776 49655 17861 49134 39348 95346 20975 53875 24135 51723 45311 32800 70789 16290 57063 30666 23152 7568 43938 41742 549 1473 43996 23769 57776 97901 66259 
269 202
23967 77705 71187 94549 45425 75951 77393 85283 31033 92022 38702 98776 29000 96097 46499 60881 89559 94051 47330 31066 38372 2319 52734 53314 5506 44080 89562 20925 88852 85142 20059 73734 13178 76693 61999 30243 21557 78032 755 78068 32574 72134 25678 44707 35016 92675 37137 71671 66345 20990 43642 97743 9404 76743 33894 51647 78399 1225 70032 27748 13678 40713 32694 97429 9408 21502 62798 47623 45174 58748 89986 78271 75997 6180 79400 67517 21982 31085 69141 34565 48329 75716 36542 75559 25980 16769 86188 80651 75712 13160 60526 14317 29326 30260 84420 56370 36553 81436 60717 84751 14259 66863 88401 32089 22030 74605 33194 96566 88399 95652 63033 78603 58666 81318 37241 7525 27830 90527 40496 94570 24681 61226 99679 87525 11667 70335 16628 49216 46391 26088 16667 93506 1807 12575 53272 82665 40200 17533 31069 67733 20969 21496 78256 59909 64076 57564 83915 80591 39935 60317 42577 27102 59622 77537 28554 65702 59732 43919 78761 67837 80904 28979 99290 82529 26545 79928 32940 43434 19946 69630 57932 8841 6685 94777 15352 2956 23365 61651 40543 23163 54348 45388 60447 54431 50138 8891 94206 2720 42472 49422 20024 23902 20885 2915 18748 52696 23094 68846 41796 81589 69080 43921 
28 184
94988 54977 3247 97677 89912 29589 18920 50221 71187 2400 18683 65789 8932 29901 16770 82336 30264 17594 92459 24411 97963 92264 46587 64667 50268 43862 72902 30515 46499 86964 85889 87780 13201 21500 84312 20486 81330 7734 17584 30750 69324 41067 99507 956 47959 29042 44903 44455 50307 75419 91492 44211 96444 48660 40733 23815 29888 64697 52613 2300 58542 92839 24905 71675 97254 25581 38361 20067 4492 93225 76986 82835 93801 92099 77704 60730 69448 70751 71654 39064 41598 14453 13678 2974 35580 72410 17244 14444 86920 22546 98724 21568 65445 15545 5464 90531 26976 23923 62938 3148 2639 32498 40754 40121 92089 50693 8276 45152 38928 4757 34358 67651 83270 79080 72215 84172 7096 2683 31720 23348 60389 91859 68409 11271 25945 34931 64553 2351 33259 66046 80153 75813 67645 88215 60486 17265 86294 14071 32127 50588 54052 10958 63485 36801 39462 31768 12172 71868 93599 58897 69763 22254 33401 91719 36814 97521 45771 26517 34102 76381 92609 91867 46399 20894 25155 42693 6304 63678 26956 50957 70002 670 11371 24881 81040 5859 61784 46392 9017 13093 7252 63708 50253 40763 
220 178
50090 64424 27077 2198 60758 99184 36737 26111 811 83498 70166 12330 58792 57216 11057 16647 63215 35327 20515 11603 67152 53273 2789 80378 50732 65627 65180 5223 95269 76860 70832 18116 72348 49549 44729 27525 91492 54596 95702 77287 98793 85747 34580 83211 90171 80621 89955 11388 28391 94732 99 43574 42949 4842 30680 34466 12547 19364 75887 40447 71294 21782 99106 31240 73062 72946 3497 1431 16535 8990 9765 27582 30822 22672 74755 34831 12115 58493 78855 87211 80495 80002 73737 32167 20449 58858 88211 26871 83168 55899 97878 94370 53009 7790 89536 86045 2334 26751 27411 37902 70141 21996 41509 85327 42815 6567 83026 24940 79024 54684 53528 44212 24777 92914 65589 34452 70062 68139 54052 47351 2405 25058 58824 99451 13500 92149 93187 81829 31217 40011 88888 91729 44553 70733 93652 6700 97123 48029 24842 79880 73993 54005 21116 2919 32162 18622 63417 42196 72731 4148 11324 77481 64143 64872 51256 24607 20960 96321 31460 13205 2210 71081 37726 91834 66580 83690 99164 29493 41910 343 78492 42283 1553 15599 21664 72729 64207 79170 
209 88
74594 56274 23766 29464 39957 88554 55663 92751 86616 34146 59445 77998 75322 2422 15873 31727 88808 2984 8248 99004 50963 69999 45077 4391 40398 88360 95405 5223 53786 67641 92953 88852 63183 72777 39268 75323 1982 16582 6493 60805 95909 43021 60765 52507 19917 13168 84594 36925 63515 34567 88442 94339 79487 36162 57945 70228 45216 18949 76856 45370 51869 18579 45721 29525 7917 38487 28228 42730 40571 99961 93733 37070 97234 70275 69464 73055 15403 71694 56664 71473 6180 27975 82748 76048 37080 85343 2033 9384 
131 82
12999 39123 93908 65599 27753 41945 5177 43225 40991 17524 23171 7875 48396 36170 87860 10793 10715 58707 92781 21659 98519 10063 47540 35126 2714 87738 92449 81702 74486 30227 64710 25939 21200 82999 28216 69396 68343 56991 85755 60111 17269 85875 17819 84434 90059 84775 18402 19035 42016 13138 44131 65592 75247 97132 8784 98347 34051 54393 99422 67292 24971 21420 57616 82683 42844 8990 53597 83754 87769 42589 37031 40236 89808 61128 58748 10914 58727 2257 14636 51387 55712 55794 
339 78
33939 56685 85842 72093 11226 16460 10571 16906 65989 87887 17524 49080 36312 17051 64657 12308 70459 20228 22452 97734 97963 13418 69900 93518 11172 21369 83739 15802 19132 6498 6556 73030 31600 25005 80315 88817 28198 13634 17908 65410 76712 96113 47538 31498 94891 41067 92953 95677 54106 33258 20701 79982 63342 33764 82733 97530 42706 66102 26611 11434 72058 18614 60030 97717 65090 45621 69123 40878 41202 40242 59266 90764 83930 99589 51138 97809 92646 29363 
700 152
37253 1968 6100 96361 31811 64661 80385 49200 22813 41526 9447 27095 1399 53586 80962 70166 49386 68479 74842 75284 36532 52762 10477 36798 35499 63293 96246 79396 90624 84205 70945 10787 58298 6279 58133 90023 98164 66678 55850 21133 26542 84636 87582 3796 87490 87319 86901 87354 81352 19401 89291 946 64752 82467 70119 42293 97746 43021 2028 10821 54044 92053 81082 32834 53923 96201 93418 96765 56522 57442 97932 58303 59776 11215 88468 8283 36506 21810 48895 12326 40350 71530 78354 83316 90055 89808 42282 95470 42970 34997 5453 96110 26871 73229 58046 72782 62186 30551 19424 86381 97518 79496 25980 93459 77470 78628 68355 82055 69038 24830 68467 86754 32469 71213 73101 25093 93226 38478 97875 28385 16422 67661 35392 12590 30520 31136 93131 16286 35648 83485 83282 99423 41122 24477 18169 97920 4790 81216 92406 22417 63485 87182 1403 35307 50063 83564 35826 93939 56406 81364 32719 61449 
8 68
39123 8910 83340 81498 98639 54977 36263 95679 80723 27148 32146 1787 68750 95311 26499 19465 84529 94549 29457 49133 9157 78220 82842 71153 15766 63072 42769 41030 59433 68293 37171 45945 80118 79418 52227 76554 7774 73556 19651 64473 9358 65890 86758 10745 3693 62365 79125 73624 39985 49127 17757 3046 94495 62813 62671 55297 54447 31115 86507 10885 16081 82835 24654 80408 14503 98198 21782 24328 
956 61
24021 76904 5674 98295 3116 62676 74817 66755 50619 47195 87849 25288 75322 84152 62859 64252 88647 28875 32945 96466 12490 16572 77011 49690 38132 78082 49173 3500 92844 80009 9626 36907 94749 11897 64515 9361 48933 47881 92953 58693 61872 63289 95217 93085 82182 5739 36846 1982 550 69697 72058 97145 70843 64077 74395 3521 35066 21137 496 23369 25668 
325 114
93871 292 12099 55807 6419 8287 56977 75075 54730 30964 22981 81419 17689 96165 64096 82885 63743 85057 55834 42769 95917 10289 19491 26207 5837 39019 4112 42961 31001 15005 47401 2463 59648 82943 16665 12761 7921 60213 2291 56841 21200 44119 25733 23797 26677 76840 98856 273 65100 87354 54439 66512 51167 42494 37956 16187 12973 38848 56509 52195 93225 27816 18013 24690 91590 89340 35439 73994 71215 50149 27725 58949 21735 58493 60551 74183 25603 95590 71009 52274 3053 51581 39013 3567 51788 24585 64389 16029 88028 20680 19379 60605 19435 77578 49362 87873 41200 90926 92100 53399 51309 21529 987 93226 34836 40807 11887 48331 89362 35392 38775 28613 23887 58667 
3 51
42871 95207 97814 54174 58029 75469 43225 16003 18435 21553 83803 14297 3441 58353 57108 93333 10918 57479 83466 80494 66113 68437 54841 70555 48486 36400 36759 42128 81702 67278 59104 27695 84615 18151 21200 44377 82935 52580 35886 65786 73624 99447 64947 80309 50847 99468 89308 63000 59966 37342 56357 
189 92
11226 27332 24274 50090 64661 70524 32846 40862 5259 86319 65232 26329 45275 22957 45425 13418 41379 96001 22316 829 8248 96932 63931 26281 43896 40921 36889 50909 17584 32495 34797 34482 88017 48933 62469 33363 62367 90009 12689 10246 81023 43681 62042 52219 1982 74854 90374 82249 52724 48970 83461 84793 83537 33554 41343 34183 10026 60481 79994 30595 53278 37914 12998 90329 78346 21188 24654 75887 70685 59658 72727 14012 84077 10140 22267 49135 38811 84261 14781 13057 54809 42730 23590 45824 48140 9891 92883 29991 73288 44072 89794 77206 
99 40
99864 68692 48688 86168 80328 96092 63529 43262 61757 9003 38493 53727 49080 63072 26703 24138 60788 11039 32252 68420 15734 98784 65616 60332 85057 86360 99244 90281 63256 5655 99854 22816 85833 76712 52715 33111 94458 61654 70832 31520 
598 68
45258 29857 11412 32741 86171 80328 6765 38952 12308 30711 74466 36754 35981 14674 44003 65616 88749 63215 43115 59564 73299 72902 54094 32390 95381 63122 65239 23695 53487 29601 61067 96182 67930 79187 58298 63995 48933 76482 35999 62042 78687 30225 99637 40004 60358 64811 66789 2616 85706 66102 99516 53893 32475 29943 99596 92505 30679 99690 78148 40135 70380 70907 74200 96060 80323 91327 39141 36330 
373 31
99636 55487 9005 26054 6887 63529 85504 81102 39164 58891 14945 72914 95528 63509 91631 12177 48238 29000 32368 77170 25789 48860 69355 63613 43192 81020 48348 65371 75833 51705 33190 
77 25
73758 30094 72800 45506 65553 26683 85719 15085 65368 44768 92322 75251 13317 130 46747 98156 63684 60095 63062 56478 19105 65366 96263 77585 54691 
938 19
35364 98363 78384 45622 23309 43465 14383 77309 42645 14593 69300 93697 89995 48271 6197 77830 99874 68996 4891 
705 20
15550 25246 23101 20442 67392 82526 45118 96092 15966 74639 689 73388 73672 74506 61786 58208 41612 39683 44350 83805 
210 7
292 41228 1859 44394 14593 80799 28809 
858 1
50524 
603 2
29599 65869 